FramewiseDisplacement
6.183227899999999000e-01
2.452391730000000325e-01
1.215297029999999889e-01
1.177890579999999465e-01
1.096613780000000316e-01
1.243130949999999291e-01
7.751409699999993463e-02
1.340388390000000207e-01
1.773127139999999824e-01
1.090267660000000249e-01
9.077072100000001253e-02
8.128853000000001161e-02
1.569819010000000348e-01
9.894149700000004488e-02
8.644931399999994381e-02
1.127170740000000004e-01
1.370710149999999627e-01
8.864808299999993313e-02
9.568468600000001878e-02
1.118096659999999742e-01
7.510841400000001222e-02
1.270899979999999263e-01
6.475029000000001589e-02
4.228733999999999965e-02
6.641494999999997262e-02
1.329032999999999465e-01
1.153755999999999948e-01
1.586233199999999566e-01
9.089717999999996634e-02
1.263003000000000042e-01
1.481071000000000470e-01
5.458279999999995913e-02
1.020740000000000258e-01
1.132713499999999790e-01
5.892696000000002821e-02
8.180595999999998313e-02
6.108679999999996890e-02
7.462250000000000827e-02
7.897875000000001422e-02
3.944140000000000840e-02
7.587380000000001901e-02
6.504634999999997502e-02
8.463659999999997852e-02
7.367010000000001613e-02
1.212875499999999940e-01
6.858485000000001663e-02
8.574339999999994189e-02
9.130588999999995903e-02
8.939355999999996916e-02
8.127059999999998452e-02
4.195089999999995073e-02
4.480860000000001092e-02
4.033554999999994228e-02
1.563579499999999955e-01
1.733079499999999884e-01
6.118112999999996554e-02
8.182453999999998728e-02
8.019899999999999252e-02
6.987200000000001743e-02
1.394085899999999989e-01
7.281295500000001253e-02
1.176400550000000211e-01
7.689389999999998726e-02
1.005824599999999985e-01
1.106773099999999732e-01
4.381450000000003397e-02
1.204306999999999600e-01
1.077592999999999884e-01
3.694161999999997364e-02
1.042351499999999848e-01
9.529621999999994542e-02
6.889568500000001205e-02
1.168118350000000166e-01
6.958630000000001758e-02
1.264578000000000646e-01
1.417517000000000083e-01
6.315825000000004075e-02
9.403864999999995977e-02
8.801242999999998873e-02
2.807707000000004421e-02
4.216710000000000597e-02
9.275469999999995385e-02
1.471103199999999334e-01
6.663979911000002254e-02
9.268120088999998174e-02
1.357857299999999934e-01
8.866115000000004964e-02
1.053765950000000173e-01
9.770826500000001635e-02
1.016476500000000199e-01
1.342809999999999837e-01
1.490549200000000074e-01
6.841782500000004319e-02
1.236627050000000116e-01
1.057912399999999808e-01
4.085858999999998631e-02
6.708119000000002663e-02
1.346681750000000288e-01
1.220514850000000151e-01
4.123952999999995483e-02
1.215683199999999936e-01
1.029238499999999973e-01
1.066336050000000202e-01
1.217525049999999692e-01
1.176411499999999999e-01
6.225424999999999709e-02
4.719009999999999871e-02
4.178297999999999734e-02
8.485391999999999935e-02
1.555301500000000059e-01
6.962249999999997607e-02
4.817960000000002380e-02
7.528460000000000707e-02
6.702790000000000137e-02
7.193275000000000363e-02
1.321293499999999788e-01
1.985940999999999679e-01
1.050300500000000137e-01
5.175530000000000408e-02
1.194069700000000289e-01
4.908791999999997935e-02
1.507669500000000107e-01
1.834115499999999788e-01
1.192018500000000120e-01
4.555749999999999383e-02
1.159993500000000011e-01
6.361257000000000716e-02
1.044224199999999880e-01
4.145089999999999886e-02
9.824380000000002000e-02
1.099781500000000106e-01
1.116093999999999975e-01
9.802974999999998496e-02
1.621291599999999666e-01
6.401576000000000488e-02
6.431573999999999625e-02
1.817119800000000229e-01
1.427644100000000082e-01
6.521388499999999921e-02
4.820897500000000807e-02
8.730140000000000122e-02
3.606532500000000224e-02
8.194937500000001873e-02
7.315954000000000901e-02
1.128637549999999962e-01
2.295857930000000102e-01
1.217193130000000095e-01
9.315784500000000301e-02
1.022061350000000313e-01
5.605040499999999759e-02
7.927059000000000188e-02
4.393650000000000333e-02
5.397944200000000942e-02
7.542873799999999518e-02
4.767428999999999417e-02
6.502262799999998510e-02
4.736297800000000002e-02
7.944093000000000682e-02
1.344071500000000030e-01
7.390734499999999929e-02
1.271163949999999931e-01
7.732473499999999167e-02
6.979589599999999616e-02
1.235716309999999873e-01
4.892827400000000077e-02
1.008134649999999910e-01
1.617212649999999752e-01
1.361935100000000176e-01
1.387257950000000128e-01
1.264925849999999907e-01
1.016814499999999927e-01
1.481152169999999935e-01
1.223148169999999785e-01
7.951886999999997763e-02
1.565357799999999855e-01
1.236200100000000024e-01
1.175303999999999793e-01
1.490709000000000062e-01
1.189420999999999673e-01
1.086250500000000008e-01
1.627138000000000195e-01
1.450356200000000317e-01
7.411065000000000014e-02
1.354586700000000032e-01
3.914049499999999737e-01
2.576556999999999875e-01
1.793390500000000276e-01
9.645462999999998566e-02
5.087138000000000077e-02
7.062725000000000253e-02
1.027290499999999746e-01
5.078504999999999131e-02
1.075133500000000075e-01
1.097736500000000143e-01
1.579084500000000058e-01
1.113735800000000137e-01
1.681448799999999966e-01
1.727166499999999993e-01
1.193857250000000259e-01
1.335098750000000278e-01
1.526478300000000121e-01
1.429542299999999877e-01
5.311989999999999768e-02
1.089679450000000244e-01
1.363033450000000202e-01
1.081865899999999853e-01
1.837562600000000046e-01
1.453233500000000178e-01
6.215004999999997753e-02
1.240677799999999886e-01
2.724551199999999951e-01
2.255348450000000393e-01
1.025553950000000075e-01
1.269347239999999988e-01
5.889925899999999548e-02
1.182422849999999748e-01
1.462613999999999859e-01
1.314152500000000112e-01
3.157824999999999660e-01
2.816704550000000418e-01
1.601990450000000121e-01
1.659260699999999811e-01
1.831888800000000261e-01
1.470816500000000082e-01
1.742196000000000300e-01
1.925667900000000154e-01
1.445112100000000288e-01
8.876824999999999299e-02
1.460269999999999624e-01
8.620405000000000428e-02
9.322699999999997655e-02
3.892455000000000914e-02
1.069190499999999877e-01
4.740844499999999351e-01
5.370462250000000992e-01
5.943174249999999548e-01
1.928279499999999980e-01
1.382159499999999763e-01
1.435525000000000551e-01
9.456134999999994684e-02
6.749890000000001444e-02
7.938539999999999486e-02
1.315004499999999910e-01
1.667370499999999978e-01
9.418860000000005284e-02
4.967025000000006157e-02
7.941039999999996435e-02
1.096546000000000187e-01
1.012014000000000385e-01
1.728556000000000537e-01
1.323120499999999033e-01
7.576150000000002327e-02
5.007813999999999321e-01
2.257822500000000177e-01
3.046015499999999987e-01
6.333634999999999959e-02
1.384804499999999772e-01
1.535656499999999980e-01
2.188212499999999672e-01
1.573668500000000303e-01
1.494640500000000150e-01
1.540394499999999667e-01
5.379859999999999504e-02
1.244098500000000163e-01
2.283690000000000719e-01
2.873461500000000224e-01
4.676524999999999432e-02
3.671641999999999961e-01
3.995067499999999661e-01
2.216482000000001007e-01
6.206315000000005994e-02
9.798149999999995752e-02
2.265752749999999927e-01
4.021336750000000793e-01
3.234500500000000445e-01
2.865355850000000260e+00
5.411253499999998384e-01
9.370752500000000262e-01
5.738997500000000418e-01
1.926848999999999645e-01
1.801763500000000684e-01
1.526018949999998209e-01
1.501458050000000211e-01
1.927351399999998882e-01
1.198394599999999949e-01
1.700087400000000748e-01
1.194776899999999420e-01
9.813444999999999807e-02
1.646969499999999809e-01
7.285820000000010899e-02
1.740269500000000691e-01
3.150745000000000351e-01
2.596415499999999987e-01
2.288890999999999842e-01
1.659507999999999817e-01
1.446098500000000397e-01
1.508645500000000139e-01
1.291129000000000582e-01
1.954964499999999883e-01
