FramewiseDisplacement
4.432079999999999909e-01
2.435569999999999680e-01
1.243858000000000047e-01
4.968259999999995180e-02
4.383900000000003072e-02
2.757060000000005964e-02
9.206419999999998494e-02
2.038479999999999112e-02
8.975310000000001620e-02
3.784519999999998163e-02
5.255609999999995979e-02
1.637836999999999765e-01
1.875990000000000157e-01
1.858682999999999308e-01
1.477450999999999626e-01
4.841480000000000089e-02
1.031183000000000377e-01
6.941310000000000535e-02
6.182249999999994694e-02
1.082961999999999814e-01
2.663110000000002558e-02
8.815690000000003801e-02
1.559902000000000233e-01
1.431869999999999532e-01
5.712779999999998554e-02
7.600800000000001999e-02
5.462149999999998257e-02
4.481699999999997491e-02
3.061090000000004502e-02
2.310229999999997841e-02
1.792520000000003000e-02
6.523626000000001812e-02
1.640986499999999848e-01
2.098868100000000347e-01
1.247087600000000157e-01
7.265346000000000304e-02
6.404510000000000758e-02
1.227939830000000510e-01
1.572182830000000142e-01
1.227985999999999800e-01
1.512188000000000421e-01
1.845684999999999687e-01
1.822265000000000412e-01
1.549627999999999839e-01
9.309989999999998544e-02
8.599676800000002896e-02
1.705941680000000460e-01
1.207589499999999760e-01
5.002416999999996505e-02
9.809818000000002092e-02
7.833325000000002092e-02
1.601467499999999766e-01
2.006136500000000045e-01
2.569424499999999889e-01
1.930288500000000573e-01
1.022837500000000066e-01
7.310878999999999295e-02
8.425818999999999670e-02
1.083049500000000109e-01
9.984998000000003260e-02
7.256362999999999008e-02
5.286110000000000114e-02
3.932530000000000747e-02
4.504363000000000117e-02
5.776429999999998371e-02
3.743465000000001375e-02
6.649193999999999938e-02
9.101095000000004875e-02
5.806827999999999990e-02
5.062340000000002671e-02
1.233688000000000146e-01
7.323338499999998419e-02
4.270243499999999692e-02
7.660555000000000836e-02
5.226880000000000415e-02
6.601730000000000098e-02
8.627550000000000496e-02
2.288396500000000056e-01
2.945277000000000034e-01
1.650358500000000117e-01
1.333925400000000316e-01
1.040100100000000000e-01
6.245487000000000261e-02
6.330391999999997188e-02
1.064337999999999951e-01
9.198799000000000559e-02
1.603848600000000180e-01
1.738224250000000026e-01
7.472310000000001451e-02
9.792014299999995952e-02
1.262769930000000040e-01
1.331173999999999968e-01
9.568276499999997520e-02
4.797312499999999147e-02
8.421980000000001132e-02
8.681171499999999763e-02
7.321324000000001275e-02
3.550798999999998928e-02
4.231779999999998876e-02
8.772180000000000255e-02
9.977405000000000301e-02
1.009956100000000273e-01
5.579225999999999630e-02
5.774989999999999984e-02
6.720624000000000042e-02
3.982336000000000209e-02
5.070828999999999614e-02
1.067249100000000062e-01
1.618464149999999935e-01
1.655143649999999966e-01
1.159558399999999906e-01
7.377538999999998237e-02
5.724124999999999353e-02
6.823507000000002265e-02
6.464007500000000517e-02
6.590875499999998555e-02
3.390789999999999083e-02
9.186260000000000259e-02
6.112270000000000203e-02
9.562799999999980691e-03
2.471179999999998517e-02
1.125502999999999920e-01
1.335497999999999963e-01
1.086608350000000112e-01
6.822822500000000345e-02
9.828193999999999819e-02
1.281450600000000051e-01
1.231950264999999989e-01
9.744755350000000593e-02
7.825640000000000374e-02
1.106156999999999974e-02
8.284596000000001015e-02
6.293548000000000198e-02
3.210034999999999278e-02
5.316424999999999623e-02
8.839286000000000365e-02
9.831881000000000648e-02
7.346531499999998938e-02
1.194368299999999938e-01
9.405569500000000860e-02
8.836710799999999977e-02
9.388047799999998944e-02
7.031534999999999869e-02
6.016660499999999800e-02
8.483113500000000196e-02
4.817237099999999855e-02
8.121699899999999805e-02
9.186447000000000362e-02
6.923978500000001202e-02
5.802803200000000716e-02
8.383883899999999834e-02
6.823352800000000162e-02
5.679769269999999926e-02
1.042791077000000122e-01
5.914396900000000457e-02
7.810370399999999602e-02
8.079595000000000526e-02
5.239168999999999771e-02
3.129686199999999474e-02
1.246582170000000017e-01
1.342174650000000080e-01
1.082175999999999971e-01
6.863922999999999552e-02
7.059357999999998912e-02
1.349762800000000318e-01
1.168966300000000152e-01
6.324749999999998429e-02
9.064434499999998729e-02
4.454014500000000321e-02
7.964125000000001064e-02
9.542934999999999612e-02
6.577474999999999294e-02
1.798444000000000154e-01
1.267228500000000257e-01
5.191310000000000369e-02
8.501864999999998729e-02
5.233505999999998881e-02
7.513146000000001101e-02
9.511547999999997449e-02
7.245524999999998494e-02
4.327404999999998753e-02
6.939646999999998789e-02
5.505455000000000071e-02
4.047469999999999540e-02
3.318979999999999847e-02
6.546489999999999254e-02
4.208560000000000079e-02
6.316209999999999880e-02
1.344159000000000048e-01
8.175214999999999566e-02
8.655220000000000968e-02
4.504889999999998895e-02
1.053782499999999789e-01
1.758947599999999833e-01
2.198897599999999897e-01
1.349390499999999771e-01
8.430894999999999362e-02
7.255490000000000550e-02
6.501290000000001235e-02
5.840189999999999271e-02
9.886029999999999818e-02
8.415510000000001045e-02
7.041389999999998761e-02
7.082684999999996900e-02
1.104012000000000049e-01
7.104299999999999504e-02
7.213899999999998092e-02
5.675379999999999314e-02
1.259271000000000140e-01
1.200039500000000120e-01
7.673265000000001335e-02
5.873550000000000298e-02
6.127265000000002571e-02
8.011235000000001272e-02
6.025050000000001238e-02
8.732205000000001216e-02
1.204742500000000327e-01
8.839749999999998997e-02
8.004659999999999553e-02
2.844884999999996653e-02
6.420959999999999168e-02
5.520995000000002151e-02
5.956040000000001333e-02
4.838075000000001402e-02
7.773410000000001430e-02
3.691029499999998187e-02
6.835139499999999535e-02
1.071114950000000149e-01
5.310490000000000349e-02
3.841369500000001158e-02
7.688209999999999489e-02
7.836300000000000210e-02
8.632030000000000258e-02
7.985495000000000787e-02
4.180555000000001076e-02
1.889284999999997494e-02
7.875739999999997742e-02
9.039379999999999638e-02
8.139810000000001489e-02
1.364875180000000299e-01
1.253923140000000047e-01
1.397391100000000275e-01
1.428244330000000284e-01
1.339051570000000246e-01
1.153428499999999968e-01
6.968799800000000655e-01
6.023785149999999478e-01
2.165250850000000060e-01
1.521796999999999733e-01
2.127639000000000613e-01
1.019127500000000242e-01
8.178274999999998740e-02
9.401720000000000910e-02
6.682469999999998689e-02
3.920740000000002418e-02
4.203365000000001267e-02
5.712744999999996853e-02
4.384220000000000478e-02
3.383410000000003359e-02
1.872450000000000503e-02
7.001644999999999397e-02
5.561365000000004222e-02
1.380943500000000324e-01
1.170698999999999906e-01
1.046645000000000214e-01
1.393308000000000046e-01
1.662103999999999804e-01
9.425489999999991930e-02
8.969580000000000608e-02
3.871659999999994828e-02
5.818759999999999905e-02
1.186712000000000183e-01
1.449886999999999981e-01
1.488445999999999936e-01
1.321853000000000611e-01
1.210965999999999987e-01
7.044610000000001149e-02
6.560945000000001359e-02
1.277522499999999839e-01
1.493608000000000158e-01
1.004843999999999737e-01
1.077600000000000224e-01
1.013964000000000532e-01
9.229880000000000029e-02
5.927405000000000174e-02
6.867464999999998987e-02
3.676050000000003620e-02
1.465789999999998414e-02
5.879850000000004517e-02
9.734080000000001898e-02
9.855950000000004985e-02
6.552420000000004630e-02
7.939490000000004599e-02
1.029324500000000225e-01
1.064772000000000357e-01
1.339354500000000392e-01
8.853430000000006572e-02
6.998314999999999397e-02
1.429709500000000411e-01
