FramewiseDisplacement
4.172069999999999945e-01
4.030993999999997190e-01
7.306403000000000203e-02
1.473754700000000362e-01
1.282743999999999551e-01
9.462989999999996127e-02
6.870570000000000843e-02
1.701193999999998652e-01
1.565623000000000709e-01
2.803666999999999687e-01
1.384258000000000155e-01
8.038290000000014590e-02
8.450969999999996540e-02
7.571670000000010892e-02
9.621450000000016101e-02
7.618169999999999109e-02
8.475509999999995825e-02
1.044927000000000494e-01
1.183605000000000074e-01
1.315916999999999781e-01
6.975669999999999094e-02
2.869009999999999269e-02
4.040000000000012331e-02
6.076050000000009221e-02
4.885760000000006348e-02
6.736899999999997057e-02
6.257710000000001049e-02
8.157040000000001512e-02
6.567290000000000627e-02
1.157357000000000802e-01
7.489569999999989847e-02
3.795389999999997793e-02
5.060739999999995520e-02
6.705940000000004675e-02
5.357429999999996362e-02
1.139027999999999707e-01
1.472042999999998991e-01
8.767980000000007157e-02
1.253212999999998578e-01
9.519639999999979230e-02
6.794560000000013367e-02
7.132129999999999026e-02
7.769480000000004993e-02
5.774089999999998390e-02
5.610829999999994433e-02
7.105999999999998429e-02
6.342169999999999752e-02
1.068556000000000367e-01
9.015300000000001091e-02
1.423861300000001384e-01
1.187729300000000127e-01
5.032210000000005012e-02
4.225959999999998051e-02
4.123939999999992612e-02
5.920530000000004400e-02
5.192859999999992898e-02
7.599320000000002462e-02
6.573949999999992300e-02
9.855258000000007013e-02
1.098807800000000667e-01
2.752990000000002380e-02
1.433908999999999601e-01
1.019027100000000768e-01
6.629951000000006145e-02
4.333220000000004291e-02
5.766199999999997716e-02
1.067315000000000069e-01
6.554437999999997155e-02
7.658192000000002553e-02
5.476210000000000799e-02
4.780519999999996439e-02
6.350091999999993297e-02
3.965241000000004068e-02
4.454802000000002149e-02
3.746051000000002323e-02
7.043748000000001064e-02
6.743699999999996919e-02
1.544072999999999973e-01
4.873006999999997257e-02
3.127050000000003438e-02
6.887142999999996962e-02
5.025606000000001905e-02
8.180573999999996015e-02
6.358698999999996826e-02
3.787372000000000655e-02
4.388050999999998369e-02
2.913720000000001240e-02
8.734830000000001760e-02
2.788829999999999434e-02
3.967580000000003881e-02
6.279529999999997059e-02
5.076799999999999369e-02
2.990800000000001790e-02
1.171108000000000010e-01
1.018242200000000208e-01
5.908052000000001830e-02
5.608850000000003416e-02
7.869444000000000439e-02
3.000400999999999069e-02
7.133362999999998122e-02
5.642015000000002306e-02
1.160834999999997563e-02
4.588129999999998598e-02
2.826485000000000802e-02
3.093589999999999188e-02
4.625210000000001820e-02
5.040660000000002361e-02
7.754519999999999469e-02
5.225460000000001215e-02
5.519710000000001282e-02
7.555999999999998828e-02
2.831484999999999905e-02
6.065490000000002546e-02
2.496530000000000277e-02
2.964195000000000371e-02
4.079960000000000531e-02
3.938975000000000809e-02
4.497220000000000384e-02
7.360835000000003070e-02
9.454975000000004348e-02
2.227323999999999971e-01
1.260506299999999968e-01
7.055407000000001039e-02
5.811330000000000662e-02
3.544525000000000453e-02
2.376270000000001506e-02
9.789334999999997622e-02
5.030224999999999974e-02
6.874600000000001543e-02
9.862788999999998196e-02
8.290815000000001378e-02
7.478782999999997183e-02
4.418361000000001204e-02
5.395786999999999112e-02
5.981482999999999939e-02
3.905745000000000744e-02
7.569764999999999133e-02
1.117024299999999915e-01
6.775312999999999475e-02
6.345859999999999002e-02
1.451225000000000778e-02
4.481335000000000179e-02
1.371860000000001134e-02
6.282915000000001415e-02
4.731950000000000045e-02
3.961150000000000782e-02
3.777232650000000858e-02
5.359577650000001137e-02
1.199615400000000193e-01
1.784418274999999832e-01
9.994019250000001076e-02
5.660950500000000440e-02
8.816055500000000156e-02
6.911693499999999046e-02
7.054854500000000417e-02
2.657680499999999849e-02
6.928655499999999967e-02
4.824920299999999052e-02
5.451124399999999343e-02
4.726028500000000604e-02
3.869045500000000554e-02
2.788380499999999068e-02
8.594447000000000891e-02
5.466045500000000362e-02
5.735322249999999511e-02
2.867756750000000424e-02
3.288966000000000806e-02
3.619514000000000065e-02
3.773035999999998363e-02
1.046010500000000010e-01
1.223915599999999965e-01
7.512017000000001388e-02
8.451341000000001102e-02
4.187836999999999810e-02
6.262452000000000296e-02
3.575670499999999974e-02
4.762249000000001037e-02
3.466853500000001420e-02
5.378953499999999249e-02
1.629080000000000458e-02
5.631406499999999649e-02
4.790629999999999888e-02
2.617550000000000085e-02
1.379940000000000680e-02
3.841885000000001132e-02
5.549670000000000297e-02
3.468280000000000668e-02
3.305595000000000061e-02
2.384075500000000514e-02
6.066139500000001378e-02
1.037433300000000086e-01
5.589488000000000095e-02
4.717134999999999384e-02
5.976614999999999012e-02
7.422390999999997629e-02
7.197251000000001731e-02
3.604234999999998690e-02
5.557144999999999446e-02
6.674928999999998891e-02
5.668350000000002553e-02
7.266963999999997981e-02
4.145589999999997610e-02
6.268400000000000361e-02
4.972065000000001206e-02
8.409560000000002034e-02
6.324665000000000148e-02
4.854449999999999044e-02
5.227889999999999621e-02
3.443608499999999822e-02
3.623031500000001986e-02
3.669624999999999970e-02
4.596850000000002323e-02
2.232700000000000309e-02
3.327030500000002083e-02
5.779134000000000354e-02
5.460878500000004160e-02
2.238099999999997730e-02
8.006910000000001804e-02
3.707917000000003627e-02
6.393207000000000750e-02
4.164903499999998704e-02
5.757593500000003639e-02
1.106894899999999737e-01
1.023839900000000219e-01
1.167929999999996540e-02
4.669778499999995697e-02
1.972263000000001876e-02
8.128693500000000460e-02
2.209650000000001890e-02
1.285620000000002074e-02
2.105020000000001196e-02
9.179625000000000978e-02
4.052944999999996689e-02
5.616944999999998883e-02
6.353645999999996130e-02
6.043935999999998365e-02
7.541591999999999740e-02
2.248564999999998204e-02
1.758324000000000276e-01
2.092505000000000059e-01
1.326827099999999815e-01
3.261999999999998928e-02
4.262839000000005762e-02
4.729470000000003671e-02
1.466280999999999834e-01
6.350740000000001939e-02
2.812290000000003398e-02
4.476460000000001549e-02
4.039184999999999304e-02
4.650517999999999319e-02
3.512977999999999934e-02
4.108395000000000796e-02
5.629919999999993124e-02
9.601395000000005620e-02
5.116254999999999414e-02
6.821870000000003487e-02
9.336967499999995757e-02
5.518752499999997341e-02
3.424728499999999953e-01
3.020329999999999404e-01
1.260320000000000051e-01
6.768099999999997729e-02
8.283080000000000997e-02
4.881679999999995884e-02
8.942090000000002536e-02
4.813429999999992853e-02
9.359570000000005940e-02
3.556559999999998195e-02
7.801749999999998963e-02
4.545469999999995903e-02
1.216749999999999637e-01
8.658689999999996667e-02
2.979044999999993365e-02
2.929223499999999425e-01
1.952061999999999686e-01
7.107599999999993090e-02
6.707530000000007375e-02
9.101549999999994367e-02
6.457730000000003190e-02
1.206424000000000524e-01
5.753168000000005722e-02
4.994350999999996876e-02
4.712813999999997117e-02
1.151462699999999673e-01
6.173049999999997983e-02
7.651149999999998230e-02
9.880609999999999393e-02
8.914769000000001553e-02
4.720796000000006959e-02
5.231923000000000823e-02
8.945593999999991441e-02
8.067466999999994837e-02
6.596515000000009732e-02
4.544785900000000017e-02
5.136686100000013161e-02
7.182280000000003384e-02
5.411160000000011377e-02
5.303480000000006245e-02
9.707640000000004876e-02
