FramewiseDisplacement
5.501300000000000079e-01
2.994345000000000478e-01
1.511774999999999369e-01
1.140245000000000286e-01
5.176800000000008478e-02
5.348550000000003996e-02
8.319699999999990991e-02
8.328899999999982151e-02
2.859200000000006875e-02
5.655550000000007099e-02
6.396950000000006797e-02
8.738399999999993395e-02
9.089349999999994656e-02
1.237600000000000644e-01
1.262800000000001421e-01
4.687299999999994249e-02
4.542199999999981669e-02
5.676600000000000396e-02
5.461150000000011134e-02
6.270200000000004936e-02
6.919150000000007239e-02
8.487609999999989885e-02
7.987260000000004356e-02
2.729499999999994431e-02
4.914679999999985865e-02
2.962870000000007026e-02
8.108910000000005280e-02
7.546239999999998505e-02
3.279989000000000932e-01
2.233108999999998401e-01
5.390950000000006848e-02
8.980309999999994131e-02
1.321816000000000102e-01
1.067825499999999900e-01
7.877475000000001837e-02
5.932199999999987483e-02
5.129180000000002626e-02
1.111185499999999549e-01
8.568295000000004935e-02
6.218130000000002267e-02
8.036230000000008089e-02
6.562509999999999177e-02
6.923820000000002750e-02
6.778369999999989126e-02
9.266740000000002475e-02
4.328320000000006329e-02
4.882830000000005360e-02
7.657340000000009694e-02
6.475554999999992567e-02
5.726729999999995158e-02
1.302815000000000223e-01
1.110990000000000033e-01
6.931714999999996629e-02
1.074086499999999389e-01
8.466720000000001189e-02
1.432192999999999383e-01
5.493200000000000860e-02
6.322945000000006199e-02
5.360069999999991092e-02
1.127396000000000231e-01
1.899142999999999526e-01
3.235609999999999875e-02
5.974984999999998631e-02
8.104324999999995560e-02
6.573660000000000614e-02
7.005329999999995727e-02
9.326305000000001399e-02
8.511689999999991207e-02
6.505175000000004704e-02
6.849690000000005496e-02
9.292799999999998284e-02
1.191332000000000363e-01
4.776849999999991520e-02
7.919794999999998919e-02
5.649855000000005012e-02
1.250177999999999845e-01
3.692240000000000105e-02
7.359230000000004102e-02
2.982860000000000372e-02
7.004980000000002316e-02
4.120929999999996957e-02
5.767500000000001792e-02
5.544420000000000598e-02
8.972239999999999382e-02
4.640139999999997461e-02
7.969939999999997582e-02
1.128585000000000144e-01
6.790589999999999127e-02
5.021650000000001807e-02
4.422390000000001042e-02
7.908699999999996288e-02
7.708480000000000887e-02
5.436309999999997672e-02
8.430984999999999174e-02
1.117977500000000013e-01
6.457815999999999557e-02
8.789595999999998133e-02
4.131339999999998625e-02
3.118569999999998288e-02
5.204404999999999448e-02
8.345203999999997735e-02
3.710541000000000533e-02
5.398970000000001546e-02
1.956961999999999244e-02
1.741202000000000027e-02
3.832449999999999746e-02
5.888886999999998206e-02
6.304777000000001685e-02
6.431350000000002343e-02
3.621839999999998394e-02
5.934118999999998118e-02
3.351023999999998976e-02
9.117630000000000179e-02
3.607660000000000727e-02
5.672054999999998764e-02
2.733114999999999156e-02
6.826559999999998185e-02
5.725979999999998571e-02
8.978840000000000432e-02
4.092714999999999548e-02
3.467484999999997930e-02
4.015090000000001019e-02
6.842910000000000659e-02
5.234464999999999951e-02
4.893709999999999727e-02
5.161549999999998778e-02
1.127584000000000225e-01
1.168252999999999930e-01
3.434175000000000422e-02
7.010140000000000815e-02
6.250430000000001263e-02
7.472001999999999811e-02
3.287197000000000036e-02
7.552665000000000073e-02
3.971434999999998161e-02
5.735786499999999399e-02
7.269901499999999184e-02
3.672113999999999934e-02
1.748761999999999539e-02
4.891985000000000083e-02
5.965250499999999456e-02
5.480538749999999681e-02
2.960205249999999649e-02
3.887546050000000031e-02
1.083409254999999904e-01
8.259830999999999424e-02
4.235423499999999702e-02
5.648847999999999370e-02
6.998993000000000575e-02
5.545030000000000098e-02
7.272903999999999480e-02
1.067512049999999879e-01
6.607628999999999586e-02
9.963954999999999340e-02
1.286377100000000162e-01
1.174789200000000006e-01
1.312859499999999846e-01
1.606041399999999786e-01
1.520210700000000081e-01
1.703648769999999701e-01
8.784405299999999139e-02
4.917050909999999553e-02
1.049944990999999994e-01
1.085585199999999917e-01
3.827700000000000546e-02
6.071924999999999545e-02
1.174409999999999621e-01
3.989374999999999866e-02
1.028466000000000102e-01
1.627183400000000446e-01
1.330639500000000142e-01
8.479166500000000217e-02
6.677291499999998825e-02
8.797856000000002508e-02
7.103707000000002159e-02
6.454011999999999249e-02
9.980197999999999847e-02
7.386637599999999748e-02
7.408708399999999750e-02
1.116042100000000231e-01
8.263586000000000542e-02
3.604519999999999946e-02
1.015964699999999943e-01
5.205150999999999528e-02
8.118451999999998225e-02
5.209812000000000470e-02
1.115754500000000204e-01
4.604874000000000467e-02
7.140773999999999733e-02
7.203676000000000523e-02
9.040855999999998505e-02
6.148826000000001679e-02
4.979105999999999810e-02
6.617757999999998586e-02
9.537060000000002757e-02
2.573409999999997852e-02
4.608284000000003461e-02
4.815244999999999942e-02
3.306304999999999661e-02
4.936363000000001944e-02
9.270353500000000357e-02
2.452957499999999444e-02
7.934391999999998446e-02
9.924106000000001981e-02
4.904823999999999296e-02
3.442658000000001217e-02
7.576688000000003642e-02
6.560959999999997627e-02
1.191550499999999846e-01
4.489054999999998047e-02
7.291309999999998070e-02
4.999414999999998721e-02
5.944024999999997921e-02
8.095300000000003882e-02
6.215189999999998216e-02
1.302008000000000887e-01
1.306819550000000441e-01
8.101419499999999718e-02
7.823609999999994735e-02
3.162958499999998785e-02
5.769188500000002606e-02
4.261689999999999923e-02
4.928550000000000292e-02
4.973326099999998695e-02
1.166647389999999340e-01
6.271740000000000648e-02
7.746149999999994706e-02
7.850480000000001346e-02
2.462500000000008432e-02
6.987382999999999789e-02
2.661711000000011387e-02
4.536593999999996574e-02
5.480250000000008725e-02
8.970624700000007223e-02
2.144434699999999208e-02
5.841704999999996345e-02
6.071810000000005952e-02
5.351750000000000951e-02
4.842200000000002058e-02
3.378890999999997757e-02
4.279900999999999844e-02
6.193770000000003301e-02
6.766115999999994246e-02
4.659100000000006986e-02
9.347750999999999977e-02
5.966355000000000963e-02
8.182477200000004558e-02
9.209247199999999467e-02
7.853845000000005128e-02
8.646768500000001634e-02
5.484520999999994983e-02
5.004733499999992202e-02
6.509473999999998428e-02
6.692079999999998863e-02
5.546209999999999335e-02
7.171969999999999734e-02
6.337914999999999521e-02
5.817724999999997204e-02
1.174554799999999732e-01
1.231471799999999950e-01
6.432767999999998432e-02
3.204553000000003732e-02
5.924754999999999605e-02
4.957817999999998559e-02
6.843143849999998307e-02
8.221766849999996574e-02
6.271024999999996741e-02
4.241104999999993630e-02
2.970100500000001295e-02
6.068240499999996707e-02
4.885069999999996221e-02
4.476895000000005731e-02
6.722604999999995390e-02
9.571484999999996246e-02
4.748329999999995749e-02
5.611655000000006360e-02
1.858540000000001580e-02
4.480526500000008711e-02
7.309568500000007685e-02
4.692449999999998012e-02
3.548240000000002503e-02
2.713589999999998364e-02
5.213150000000005280e-02
7.456199999999990613e-02
6.109799999999996484e-02
7.905250000000003940e-02
8.042112550000002358e-02
5.702662550000000413e-02
5.676914999999996270e-02
6.008966000000007246e-02
1.216340399999999711e-01
5.340264200000006262e-02
1.208947080000000451e-01
2.321349999999996680e-02
6.443373499999999199e-02
5.364633999999995906e-02
6.709507499999999014e-02
1.094603799999999821e-01
7.811418000000008854e-02
