FramewiseDisplacement
5.008741839999999446e-01
4.965808499999999626e-01
2.032947000000000781e-01
2.119505999999999335e-01
2.274756500000000847e-01
1.252368500000000107e-01
1.777031000000001415e-01
1.696790999999998328e-01
3.107835500000000195e-01
2.428923000000001164e-01
1.613442500000000501e-01
3.004353499999999344e-01
1.145888999999999519e-01
7.818374999999991304e-02
1.455064000000000080e-01
1.291914000000000673e-01
4.986650000000009131e-02
9.881249999999995592e-02
1.081634999999999958e-01
1.126400999999999375e-01
1.207279000000000269e-01
1.005194999999999561e-01
1.503955000000000708e-01
5.364170000000006294e-02
6.147479999999988509e-02
1.802788000000000168e-01
1.378261000000000069e-01
5.365130000000004062e-02
1.098672999999998900e-01
1.144260000000001387e-01
1.005332999999999921e-01
3.675930000000005721e-02
8.398529999999990170e-02
1.234737999999999253e-01
5.402270000000003458e-02
5.672170000000006929e-02
9.304900000000002058e-02
1.446145999999999543e-01
1.970362999999999143e-01
1.374920000000000031e-01
6.273549999999995797e-02
8.865700000000001357e-02
4.792190000000004502e-02
8.405910000000002547e-02
1.553276000000000379e-01
2.617693000000000936e-01
5.811110000000001968e-02
5.523890000000002132e-02
1.888798000000000421e-01
1.707286000000000636e-01
1.098544999999999938e-01
5.703950000000006237e-02
9.622839999999992233e-02
1.117981999999999032e-01
4.199760000000003768e-02
3.425799999999999679e-02
1.523937999999999959e-01
3.951200000000001239e-02
3.603599999999998471e-02
6.140889999999995380e-02
6.211200000000002136e-02
1.846797000000000022e-01
1.009730000000000349e-01
8.437070000000007619e-02
8.869470000000000132e-02
7.134909999999994312e-02
6.675280000000002878e-02
8.344749999999998002e-02
6.797960000000000114e-02
9.729609999999996872e-02
5.045949999999997659e-02
9.886279999999994517e-02
8.034709999999997687e-02
3.676410000000002176e-02
3.727430000000001714e-02
5.203009999999996110e-02
9.133379999999999277e-02
4.963090000000003332e-02
2.598039999999991745e-02
5.993730000000006136e-02
5.704629999999995954e-02
2.683629999999996574e-02
6.103469999999999035e-02
5.262130000000000973e-02
4.744030000000004632e-02
6.300689999999999069e-02
6.606189999999997897e-02
1.546958000000000499e-01
9.890480000000000105e-02
8.126270000000003491e-02
1.010088999999999709e-01
5.895210000000000727e-02
5.499990000000001822e-02
5.630259999999997350e-02
6.539779999999993654e-02
6.540520000000006606e-02
7.057009999999995509e-02
3.571349999999995362e-02
9.507470000000001198e-02
3.011819999999995612e-02
4.542439999999995509e-02
1.161021999999999610e-01
9.776119999999997867e-02
3.325930000000000553e-02
5.386449999999993327e-02
1.894400000000002332e-02
3.645040000000000779e-02
5.125549999999996775e-02
3.501119999999997845e-02
5.163019999999991089e-02
4.628069999999995937e-02
2.865309999999993487e-02
5.501689999999997277e-02
4.174060000000000270e-02
7.894334999999993996e-02
9.009599999999995390e-02
3.010364999999997834e-02
5.335819999999995289e-02
5.822359999999999342e-02
5.885379999999999084e-02
9.277130000000001486e-02
4.927435000000003618e-02
6.329840000000001854e-02
8.171079999999995847e-02
1.044571999999999862e-01
6.600074999999996916e-02
5.227435000000000415e-02
2.517894999999998815e-02
8.071790000000003684e-02
1.351825500000000124e-01
9.633960000000008073e-02
5.257325000000002968e-02
2.918794999999994866e-02
6.099250000000001892e-02
3.977695000000001924e-02
4.229609999999996151e-02
1.324790000000000134e-01
3.450702999999999965e-01
1.572839900000000180e+00
1.002600849999999877e+00
3.605658000000000474e-01
9.357369999999999577e-02
6.184601000000000681e-02
5.453498999999999153e-02
8.902799999999999603e-02
9.864730340000001096e-02
8.882512000000000740e-02
5.361490999999999479e-02
4.547848839999999587e-02
6.182133499999999809e-02
1.452152940000000191e-02
2.664556800000000142e-02
3.055354099999999656e-02
3.941268110000000630e-02
3.830238660000000184e-02
2.899577550000000115e-02
5.180472409999999778e-02
3.724097409999999747e-02
2.689951659999999939e-02
2.400637000000000604e-02
3.173867599999999345e-02
3.390093260000000275e-02
6.249840659999999354e-02
6.666809749999999535e-02
3.388285909999999568e-02
1.365847000000000241e-02
4.494549660000000252e-02
9.873284999999999700e-02
9.122767340000000058e-02
4.720830000000000165e-02
7.506257499999999250e-02
7.609430839999997698e-02
3.245353499999999169e-02
1.282852354000000028e-01
7.108780040000001188e-02
8.497415000000002605e-02
1.426160799999999784e-01
7.593693499999999708e-02
5.003497500000000237e-02
8.860572000000001280e-02
9.116322500000001439e-02
4.354779999999999068e-02
7.532558500000000046e-02
7.751551999999999054e-02
6.097076000000000578e-02
9.238469000000000542e-02
9.456262000000001389e-02
3.512804999999999400e-02
9.713778999999998776e-02
6.966932000000000680e-02
1.617605300000000135e-01
1.768962800000000168e-01
1.046589800000000126e-01
1.335901499999999908e-01
6.211819999999999842e-02
7.936184999999998380e-02
5.761413499999999688e-02
4.063641000000000475e-02
7.798150499999999263e-02
2.546436999999999312e-02
4.047372999999998555e-02
1.706887999999998767e-02
2.041872000000001172e-02
3.877500935000000037e-01
4.481424635000000878e-01
2.675325499999999801e-01
1.046644399999999975e-01
1.046824009999999805e-01
1.083537789999999973e-01
8.969855999999999663e-02
1.587916999999999801e-01
1.544545000000000223e-01
1.910032000000000119e-01
1.158281000000000033e-01
5.734889999999999433e-02
6.123822999999999767e-02
3.931203000000000475e-02
5.861834000000001876e-02
5.292076000000000419e-02
5.663057999999999981e-02
5.150793999999999512e-02
6.555340000000001166e-02
5.549916999999999351e-02
7.733941999999999206e-02
2.578390999999998281e-02
7.721294999999998854e-02
1.086604799999999899e-01
9.251755000000000395e-02
7.959445000000001103e-02
9.617414999999998604e-02
1.418997200000000070e-01
4.881095899999999405e-02
6.796777899999999206e-02
4.844941700000000157e-02
4.183904699999999727e-02
7.481547999999998977e-02
6.472119999999999262e-02
1.895425999999999778e-01
1.376114099999999896e-01
8.461754000000001885e-02
5.546211000000000890e-02
4.656935999999999715e-02
8.328789999999999805e-02
7.261241000000000223e-02
6.510411000000000670e-02
5.130690000000002332e-02
4.728409999999998170e-02
1.185865900000000056e-01
6.543746000000001672e-02
5.525684999999997543e-02
6.211994999999997935e-02
3.468685000000000518e-02
4.054643299999997896e-02
2.811486700000000172e-02
1.306138800000000155e-01
1.065547500000000036e-01
1.420643199999999662e-01
2.930502799999999963e-01
1.838189800000000207e-01
1.480081999999999787e-01
9.528255999999998838e-02
1.093957400000000191e-01
5.193029999999997787e-02
3.556650000000000089e-02
5.834809999999997915e-02
5.011049999999999532e-02
3.608069999999997945e-02
6.979393999999998488e-02
8.360673999999999884e-02
4.065209000000000739e-01
2.580341999999999913e-01
1.383632000000000195e-01
5.257740000000000330e-02
1.041190000000000171e-01
1.311744000000000243e-01
1.052680000000000005e-01
7.186110000000003883e-02
5.806002999999998471e-02
7.798542999999998060e-02
7.478980400000002915e-02
4.899721400000002502e-02
1.101169399999999965e-01
1.698263399999999923e-01
1.543663300000000238e-01
5.837694999999999690e-02
5.199799999999999561e-02
6.267330000000002899e-02
2.053469000000000544e-01
1.938721999999999668e-01
1.232402999999999971e-01
1.062143000000000254e-01
8.889335000000002374e-02
1.140844999999999498e-01
3.888179999999996639e-02
4.478439999999999505e-02
4.815330000000000998e-02
7.871190000000001519e-02
1.091808999999999558e-01
1.239619499999999874e-01
