FramewiseDisplacement
6.350909999999998501e-01
1.961834999999998719e-01
3.065234999999998378e-01
2.040999999999997816e-01
1.753179999999999739e-01
9.134500000000003728e-02
2.445470000000000699e-01
1.829335000000000266e-01
2.779994999999999550e-01
2.539045000000000329e-01
3.034850000000000048e-01
2.662429999999997299e-01
2.366550000000000042e-01
2.106624999999999470e-01
2.194110000000000227e-01
2.068674999999999264e-01
2.343834999999999114e-01
1.554645000000001720e-01
1.955215000000000702e-01
2.457674999999999443e-01
2.836604999999999266e-01
1.899970000000001658e-01
2.449699999999999933e-01
3.400409999999999267e-01
2.187535000000001562e-01
1.583740000000000703e-01
1.989594999999999558e-01
3.868274999999999908e-01
2.176095000000001500e-01
2.620334999999999193e-01
1.922265000000000501e-01
3.469489999999998409e-01
2.814639999999999365e-01
2.206780000000000130e-01
2.323920000000000430e-01
4.400810000000000000e-01
2.978519999999997836e-01
2.085160000000000069e-01
2.666725000000000900e-01
3.638670000000000515e-01
3.849279999999996038e-01
1.407859999999998279e-01
1.747535000000001726e-01
1.490330000000001653e-01
2.891809999999998548e-01
1.838160000000001459e-01
2.218094999999999373e-01
3.068839999999999346e-01
2.249059999999998560e-01
9.463549999999976148e-02
1.619864999999997002e-01
1.354090000000001126e-01
5.795649999999995944e-02
1.464345000000000507e-01
1.993799999999998906e-01
2.738614999999998134e-01
3.111759999999999526e-01
2.250000000000000333e-01
6.350765000000000438e-01
3.502244999999999941e-01
4.785375000000000600e-01
2.144050000000000678e-01
2.924600000000000533e-01
2.784440000000000248e-01
2.832030000000000936e-01
3.064674999999998928e-01
5.513734999999999609e-01
2.021630000000001481e-01
1.932645000000000057e-01
1.955535000000000745e-01
2.612700000000001133e-01
3.939815000000002065e-01
3.280260000000000398e-01
3.203885000000000760e-01
5.063340000000000618e-01
4.017630000000000923e-01
2.612904999999999811e-01
2.311634999999999662e-01
2.184839999999999838e-01
6.433323000000000791e-01
4.750332999999998806e-01
1.312895000000000589e-01
1.949120000000001407e-01
1.340819999999999512e-01
2.626299999999999746e-01
5.354689999999998617e-01
1.776619999999999588e-01
1.850915000000000199e-01
1.926760000000000139e-01
1.279625000000001456e-01
8.993600000000002981e-02
1.210294999999999288e-01
1.953144999999998910e-01
1.923555000000000126e-01
1.985304999999999986e-01
4.080334999999999934e-01
3.290600000000000191e-01
8.557574999999999488e-01
3.988920000000000243e-01
2.559790000000000121e-01
3.019729999999999914e-01
4.034834999999999394e-01
2.830879000000000589e-01
1.835930999999999813e-01
3.342004000000000086e-01
3.186002000000000001e-01
2.239237199999999928e-01
2.286977200000000210e-01
1.873816000000000093e-01
2.370035999999999810e-01
1.693593999999999933e-01
8.907540000000004066e-02
1.809440000000000492e-01
4.265186999999999728e-01
2.793286999999999853e-01
2.390906999999999893e-01
1.322436000000000167e-01
2.334498999999999880e-01
1.723834999999999951e-01
3.509825850000000136e-01
3.336189150000000159e-01
2.604981204999999855e-01
3.636432204999999751e-01
3.670173499999999089e-01
1.765489100000000033e-01
2.205260100000000223e-01
3.347764500000000032e-01
2.220751750000000135e-01
9.094467500000000260e-02
1.075454199999999888e-01
3.352029699999999890e-01
2.789883699999999855e-01
2.800390200000000274e-01
2.024304899999999907e-01
3.316874899999999737e-01
3.292632999999999810e-01
3.600168999999999730e-01
3.422009500000000037e-01
3.008245500000000239e-01
1.464451999999999976e-01
1.255626249999999833e-01
1.181885750000000179e-01
2.131020500000000151e-01
3.328120500000000259e-01
1.475910999999999751e-01
7.801112000000000324e-02
1.157607050000000193e-01
2.463572050000000235e-01
3.418629750000000134e-01
2.998146110000000086e-01
2.510682959999999686e-01
1.192269174999999876e-01
7.740582749999999623e-02
2.087197100000000027e-01
3.310691499999999787e-01
3.075096999999999969e-01
2.690319500000000197e-01
1.757260499999999670e-01
1.936870499999999717e-01
2.408054999999999779e-01
3.195375999999999772e-01
3.611530000000000018e-01
2.599770000000000136e-01
1.351372999999999880e-01
2.682943999999999884e-01
2.960859000000000130e-01
1.813488000000000600e-01
8.106400000000001105e-02
5.763150000000002993e-02
7.268120000000001524e-02
3.429905999999999233e-01
4.559912499999999036e-01
9.744810100000000919e-01
1.813066600000000084e-01
7.750349599999999395e-01
8.802254400000002477e-01
6.225029999999998065e-01
1.670552000000000981e-01
1.859412000000000842e-01
3.836037999999998838e-01
1.518852000000002478e-01
3.782873499999998002e-01
2.890863699999999259e-01
1.555670799999999132e-01
6.172726999999998965e-01
3.816630599999998874e-01
1.474359599999999215e-01
1.470880000000000798e-01
8.757181000000011095e-02
1.034251100000000562e-01
1.521149139999998234e-01
1.839751640000001909e-01
3.254354499999999595e-01
3.781649000000000260e-01
2.793636499999997969e-01
3.723244000000001108e-01
2.891634499999999885e-01
1.925910000000000122e-01
3.101827500000000071e-01
1.666696499999999193e-01
2.782047499999999451e-01
2.543487739999999997e-01
2.226182440000000484e-01
2.756041800000000874e-01
3.148331200000000774e-01
4.686286999999997871e-01
3.112739999999999951e-01
3.456245999999998930e-01
2.129882000000000164e-01
9.023850000000004090e-02
1.981387999999999483e-01
2.914369000000000542e-01
3.788371999999999851e-01
2.540777999999999093e-01
7.006139999999996815e-02
1.288454399999999778e-01
2.184806300000000368e-01
3.559110600000000568e-01
4.621478500000000822e-01
4.808462000000002234e-01
3.735472499999999973e-01
5.253182000000001795e-01
1.549858400000001246e-01
1.051812999999999776e-01
2.623201135000000628e-01
3.186138814999999735e-01
3.900011550000000438e-01
3.095436500000000590e-01
2.546915899999998567e-01
2.150751000000002133e-01
3.138782999999998324e-01
3.878702000000000538e-01
4.261016899999998664e-01
5.287648500000000640e-01
2.360499400000001247e-01
5.582668000000000630e-01
6.837630999999999570e-01
4.265392999999999546e-01
3.259545999999999832e-01
1.451227999999999407e-01
1.318394000000000787e-01
5.896884999999999488e-01
3.256406999999999496e-01
2.520587999999999718e-01
3.238995000000000068e-01
6.378677999999999848e-01
4.953788000000000635e-01
1.744949000000000361e-01
1.509647999999999546e-01
3.290847000000000633e-01
2.716775999999999636e-01
4.176710000000000700e-01
2.771438999999999431e-01
2.445331000000000032e-01
4.567651000000000350e-01
4.522417000000000242e-01
5.928084999999999605e-01
1.584459999999999980e+00
7.808692999999999884e-01
5.658414000000000499e-01
2.454107999999999012e-01
2.223696999999997537e-01
1.655272000000002630e-01
7.583740000000008252e-02
1.606888999999999124e-01
3.579833999999998961e-01
2.882793999999999635e-01
1.959153999999999618e-01
8.900159999999998628e-02
1.289683999999998998e-01
2.300080999999997988e-01
4.800895000000001134e-01
6.185971999999999582e-01
1.877097000000000071e-01
2.414979000000000986e-01
2.497093999999998593e-01
4.449154199999999504e-01
3.378704200000001157e-01
3.139788000000001134e-01
2.359897000000000522e-01
4.903383500000000339e-01
3.340151900000000729e-01
4.322180900000000547e-01
4.710966500000000057e-01
2.900102999999999986e-01
5.251007999999999232e-01
3.237737000000000531e-01
3.591641000000000417e-01
2.932229000000000085e-01
2.949054000000000397e-01
4.496958000000000344e-01
5.284410999999999969e-01
5.460546000000001676e-01
2.414116000000000040e-01
3.182289999999999286e-01
2.906288999999999678e-01
1.113490999999999509e-01
3.112456760000001377e-01
6.283911759999999402e-01
