FramewiseDisplacement
4.204027499999999917e-01
1.902471999999999774e-01
3.642816000000000387e-01
3.085395900000000857e-01
1.309964099999999243e-01
1.482711999999999641e-01
1.787466000000000055e-01
1.853226499999999777e-01
2.258023500000000405e-01
1.923902999999999031e-01
9.935305999999999305e-02
7.755987999999996996e-02
5.954351300000000347e-01
3.285489699999999402e-01
2.192281800000000225e-01
2.740676499999999960e-01
1.152593000000000228e-01
2.616402500000000186e-01
2.092799650000000677e-01
1.942926565000000050e+00
9.361799999999999011e-01
6.731575999999998006e-01
4.095353499999999647e-01
3.327360900000000399e-01
2.318802400000000152e-01
1.688208500000000778e-01
2.958075000000003063e-02
2.384758499999999892e-01
1.616811000000000498e-01
3.100030000000008126e-02
2.700902049999999721e-01
1.976958199999999943e-01
7.368584000000004408e-02
1.079700249999999695e-01
1.388340499999999866e-01
1.516474000000000155e-01
2.101844350000000305e-01
1.354830000000000201e-01
9.181773500000001142e-02
1.498279349999999677e-01
3.208601349999999908e-01
2.510866500000000778e-01
1.985929000000000166e-01
3.497793200000000047e-01
2.549674449999999593e-01
5.156312500000002214e-02
1.352294500000000010e-01
1.043729500000000199e-01
9.539435000000004439e-02
1.212052000000000129e-01
1.531138500000000235e-01
1.405954469999999845e-01
2.150110969999999844e-01
1.031194500000000291e-01
1.129840000000000150e-01
1.057723000000000135e-01
2.081733000000000333e-01
1.688729499999999939e-01
1.947170499999999471e-01
3.305450500000000069e-01
2.716854999999999132e-01
1.857590999999999271e-01
2.131627999999999856e-01
5.889099199999999756e-01
6.865863699999998904e-01
4.142729500000000287e-01
1.521211199999999708e-01
2.487196949999999629e-01
3.261237750000000046e-01
2.919772499999999660e-01
1.781853999999999938e-01
2.777526999999999635e-01
2.943903500000000228e-01
1.338417000000000079e-01
8.181070000000000009e-02
2.076263499999999873e-01
2.310031500000000182e-01
2.546770500000000159e-01
2.101136500000000407e-01
1.719796700000000012e-01
1.643893299999999447e-01
1.420766000000000251e-01
4.885360000000000397e-02
9.537481999999999904e-02
8.917006500000002056e-02
1.062657050000000020e-01
1.566506500000000024e-01
1.231604599999999855e-01
7.411154999999999826e-02
1.965056099999999972e-01
1.228510199999999913e-01
2.354632200000000286e-01
1.035047000000000050e-01
1.505937000000000248e-01
2.801991099999999735e-01
1.006938799999999856e-01
2.396359399999999917e-01
1.977945500000000134e-01
5.112767499999999465e-01
9.398727000000000054e-01
4.347274000000000416e-01
4.759177000000000546e-01
1.714061500000000349e-01
2.570109500000000158e-01
2.054741999999999680e-01
1.492425000000000002e-01
1.602022999999999919e-01
2.417682499999999901e-01
2.971256850000000282e-01
1.454474350000000138e-01
1.855441899999999977e-01
4.537101400000000395e-01
2.907458950000000319e-01
2.169797549999999964e-01
1.979783999999999711e-01
1.136284400000000111e-01
8.352575000000000971e-02
1.780527900000000163e-01
1.756820599999999732e-01
1.790224899999999786e-01
1.740822699999999557e-01
1.113597740000000225e-01
2.755342239999999943e-01
1.795280350000000025e-01
9.808845999999998844e-02
1.294735900000000273e-01
7.211855500000000085e-02
2.240429999999999922e-01
1.459354799999999786e-01
1.567658749999999990e-01
7.662521999999999389e-02
2.488693549999999866e-01
9.056393999999998168e-02
6.557116000000000333e-02
1.438780150000000257e-01
1.051101350000000073e-01
1.274879800000000007e-01
1.007321949999999966e-01
1.101073850000000021e-01
1.043481100000000217e-01
1.053364150000000166e-01
1.898693000000000186e-01
2.971796000000000437e-01
2.839825449999999751e-01
1.336449320000000218e-01
1.430439320000000125e-01
1.324759500000000090e-01
1.254852999999999941e-01
6.415057000000000398e-02
5.353256200000000575e-02
2.502218330000000046e-01
2.868749799999999461e-01
1.870993140000000166e-01
1.425903110000000251e-01
2.007484999999999686e-01
1.302959500000000215e-01
4.020955000000000362e-02
7.344009999999998040e-02
1.251296500000000089e-01
1.183578999999999881e-01
1.296618999999999966e-01
9.808384999999997245e-02
1.340174499999999824e-01
1.304330900000000015e-01
2.113644499999999815e-01
1.307378500000000165e-01
1.346299999999999997e-01
1.230829049999999925e-01
5.594243500000000563e-02
6.297603500000001353e-02
3.722942499999999655e-02
1.455665650000000089e-01
1.912348549999999536e-01
1.617411499999999724e-01
1.130407000000000217e-01
1.215763499999999858e-01
1.412706999999999991e-01
1.686930000000000096e-01
7.185930000000000095e-02
5.666190000000000809e-02
1.536669499999999688e-01
1.412217999999999529e-01
1.351066000000000489e-01
1.041093499999999894e-01
5.791695000000000176e-02
1.297356999999999816e-01
9.565379999999998328e-02
8.621725000000002304e-02
1.547881899999999644e-01
2.655319399999999663e-01
9.467199999999999227e-02
8.548319999999995367e-02
1.232014000000000442e-01
1.672023000000000259e-01
1.019189999999999818e-01
8.638149999999997219e-02
1.864355000000000040e-01
1.059765000000000013e-01
1.635367999999999822e-01
3.680927999999999978e-01
3.152326999999999768e-01
1.664487410000000112e-01
1.909463589999999822e-01
4.272448999999999275e-01
3.184327999999999603e-01
9.037609999999998700e-02
7.970220000000001470e-02
1.525437399999999832e-01
5.704959999999993647e-02
2.256855400000000178e-01
1.361666999999999739e-01
2.434374999999999456e-01
2.558492999999999462e-01
1.650112999999999996e-01
2.111343500000000262e-01
3.193229899999999177e-01
2.139132900000000059e-01
2.620095000000008736e-02
1.332094999999999807e-01
1.789523999999999559e-01
1.183271000000000184e-01
1.483679500000000262e-01
1.338351000000000401e-01
1.406352999999999354e-01
2.928898499999999516e-01
1.271908999999999679e-01
1.936321000000000014e-01
1.535831000000000002e-01
2.156968500000000233e-01
1.773277500000000062e-01
1.472451000000000176e-01
2.665362900000000645e-01
1.344947600000000465e-01
1.170403500000000291e-01
1.174604999999999955e-01
2.032626499999999614e-01
1.706740499999999661e-01
2.190585499999999630e-01
1.269982500000000347e-01
3.402208000000001009e-01
1.669853500000000601e-01
4.806216499999999558e-01
7.078855000000001674e-01
3.273884999999999712e-01
1.465384999999999882e-01
1.730780000000000096e-01
1.119167000000000495e-01
1.212639000000000078e-01
1.698133999999999477e-01
7.921621000000000912e-01
1.304051700000000036e+00
5.105227000000002180e-01
3.205280000000001461e-01
2.238583000000002043e-01
5.479339000000000848e-01
1.939498999999997864e-01
1.570264500000001506e-01
8.002195000000009162e-02
3.292020000000001057e-01
1.462715199999999605e-01
3.054583800000001959e-01
5.631998000000001392e-01
2.189558000000000337e-01
1.816973999999999534e-01
3.511369999999999214e-01
1.322877000000000081e-01
2.441674000000000344e-01
1.633601000000000081e-01
8.520960000000005197e-02
1.333572000000000646e-01
2.309264999999999235e-01
9.840100000000000235e-02
4.252080000000000859e-01
1.281369999999999176e-01
5.808289999999991654e-02
1.202073499999999212e-01
7.690974999999999895e-02
3.936502000000001722e-01
4.933478000000000030e-01
2.860905800000000387e-01
2.648413199999999912e-01
3.488589000000000828e-01
1.134879000000000027e-01
3.465257999999999949e-01
1.699147999999999770e-01
3.228912199999999788e-01
3.095164599999999933e-01
1.824313200000001189e-01
7.926846899999993867e-02
1.274162309999999632e-01
1.014402000000000081e-01
1.528687999999999991e-01
3.063035000000000618e-01
1.351471999999999118e-01
2.144887000000000044e-01
8.578269999999997564e-02
1.916944999999999899e-01
1.643858300000000661e-01
3.726796699999999629e-01
