FramewiseDisplacement
2.758321799999999824e-01
1.915468299999999457e-01
1.759793040899999272e-01
7.858818409000016547e-02
2.334092300000000508e-01
1.947148700000001231e-01
2.030072249999999856e-01
1.691034249999999739e-01
1.098497000000000223e-01
1.758200000000000041e-01
2.989288999999999419e-01
2.311943499999998541e-01
2.734112000000000764e-01
3.146514000000001365e-01
2.446941000000000532e-01
1.493457499999999716e-01
1.349161000000000943e-01
1.679326999999999626e-01
1.245104000000000211e-01
1.540234000000000880e-01
2.813982999999999901e-01
3.409781499999999799e-01
3.130954500000000529e-01
4.234728999999999299e-01
2.681003999999998499e-01
1.536790000000000100e-01
1.205339000000000271e-01
1.086646000000000972e-01
2.803924000000000416e-01
2.784919999999999618e-01
2.295303500000000219e-01
2.349996000000000307e-01
1.091502499999998793e-01
2.008738499999998539e-01
2.963907999999997878e-01
3.340347999999999096e-01
3.732651000000000163e-01
2.759149500000000477e-01
1.638783999999999241e-01
1.226914499999998964e-01
1.965890499999999874e-01
1.622788999999998927e-01
2.615120499999999404e-01
3.232526000000000566e-01
3.307248499999999036e-01
2.299160500000000107e-01
1.779356999999998912e-01
1.128324499999999869e-01
2.144143999999998940e-01
2.405668999999999447e-01
1.977384000000000919e-01
1.273250999999999133e-01
1.873377999999998600e-01
2.426635999999998405e-01
2.277447499999999403e-01
1.541585999999999790e-01
9.323594999999995636e-02
1.344477999999999229e-01
2.527470499999999731e-01
3.229045500000000679e-01
6.148128999999999955e-01
2.873389999999999556e-01
2.009541499999999981e-01
1.808648000000000755e-01
1.795206000000000301e-01
1.947176500000000199e-01
1.921574000000000060e-01
1.130589499999999498e-01
2.244453599999998994e-01
1.805560599999999072e-01
1.927190499999999196e-01
2.404286999999999952e-01
3.046116500000000116e-01
2.061631500000000450e-01
1.450624000000000080e-01
1.621331499999999759e-01
1.235628499999999880e-01
7.412780000000003533e-02
1.813621500000000275e-01
2.532255000000000478e-01
1.889528000000000874e-01
2.009166500000000022e-01
1.780543500000000556e-01
1.789362000000000452e-01
2.616305499999999618e-01
2.023749499999999701e-01
1.602845999999999715e-01
1.372585000000000333e-01
1.318965050000000527e-01
2.286928150000000215e-01
2.136187100000000172e-01
1.930927699999999692e-01
1.245542499999999914e-01
1.449832499999999802e-01
1.888841499999999729e-01
2.346495999999999582e-01
2.316596999999999407e-01
1.608239350000000012e-01
1.213001849999999771e-01
1.353306099999999901e-01
1.239126700000000025e-01
1.684201800000000027e-01
1.715926049999999814e-01
1.926795299999999878e-01
1.497171300000000316e-01
1.258554699999999693e-01
9.731220000000000148e-02
1.478112499999999774e-01
2.057536949999999587e-01
2.472740000000000216e-01
2.266700000000000381e-01
1.985218000000000260e-01
1.660484850000000234e-01
1.401457469999999594e-01
9.312373699999999810e-02
2.055731250000000232e-01
2.009460499999999872e-01
2.097536999999999874e-01
1.063982499999999998e-01
1.238746000000000014e-01
1.172212700000000024e-01
9.433687000000001710e-02
1.190219650000000073e-01
1.715025649999999957e-01
1.786977499999999885e-01
1.840115649999999881e-01
1.374191349999999978e-01
1.243939450000000058e-01
1.847474500000000075e-01
1.774330150000000272e-01
1.233636149999999959e-01
1.202755649999999871e-01
1.431782400000000122e-01
2.184673900000000113e-01
2.697531699999999866e-01
2.299264199999999647e-01
2.273086899999999799e-01
1.783984200000000020e-01
1.643098864999999742e-01
1.554629465000000044e-01
1.803230249999999979e-01
1.774628900000000120e-01
1.879422549999999470e-01
1.483826250000000180e-01
1.376325650000000123e-01
1.328220350000000050e-01
1.046963900000000003e-01
9.647483799999997944e-02
1.723897129999999722e-01
1.884464350000000232e-01
1.692104499999999845e-01
1.721062750000000030e-01
1.105665849999999950e-01
1.984284299999999890e-01
2.265104799999999585e-01
1.968818550000000500e-01
1.891006450000000116e-01
1.571415850000000003e-01
9.705682500000001323e-02
1.079905000000000032e-01
1.945669050000000122e-01
2.172552999999999845e-01
2.197803249999999986e-01
2.037789250000000274e-01
1.682126899999999980e-01
1.306693204999999913e-01
1.484960894999999836e-01
9.145747499999998253e-02
2.066808749999999584e-01
1.831503749999999764e-01
1.548775850000000120e-01
1.216760684999999981e-01
1.285972085000000042e-01
1.178949000000000247e-01
1.028730999999999673e-01
1.461022499999999891e-01
1.804070499999999855e-01
1.402130909999999842e-01
1.768201459999999836e-01
2.187131049999999910e-01
1.786343999999999987e-01
1.221437499999999676e-01
1.349491499999999899e-01
1.289600000000000468e-01
2.433632500000000032e-01
9.212347800000000309e-01
1.082101720000000045e+00
1.112120849999999717e+00
5.370040499999999550e-01
3.201185500000000572e-01
5.523052499999999698e-01
4.840162500000000367e-01
4.286489999999999467e-01
5.223545000000000549e-01
2.672534999999999217e-01
1.594835000000000003e-01
8.725950000000007312e-02
1.165434999999999666e-01
1.398125000000000062e-01
1.521294999999999453e-01
1.349134999999998807e-01
1.903190000000000714e-01
1.153875000000001150e-01
1.842860000000000054e-01
1.640633999999999426e-01
1.494069000000000091e-01
1.012653000000001274e-01
1.357888000000001261e-01
1.075428000000000356e-01
1.138034999999999880e-01
1.549785999999999664e-01
1.853416999999999704e-01
1.237879999999999814e-01
1.565213000000000576e-01
1.662681999999999494e-01
1.927594999999999170e-01
1.021857000000001847e-01
1.903105000000001046e-01
1.085322999999999843e-01
1.101839000000000013e-01
1.519333000000000489e-01
1.098101999999999967e-01
2.308458000000000176e-01
1.375506000000000784e-01
1.175600000000001366e-01
1.292901999999999940e-01
1.620202000000000031e-01
1.798230000000000661e-01
1.705968999999999958e-01
2.250225999999999060e-01
2.086607999999999796e-01
1.425433000000000117e-01
9.581790000000009466e-02
1.473794000000000215e-01
2.149077000000000071e-01
1.373014999999999930e-01
1.371020000000001127e-01
1.956174000000001356e-01
2.826936000000001004e-01
3.270646999999999860e-01
2.416640999999999651e-01
1.944823000000000801e-01
2.068382000000000553e-01
1.881429999999999492e-01
1.691766999999999577e-01
1.171840999999999439e-01
1.228775999999999480e-01
1.589590999999999366e-01
1.958518000000000481e-01
2.163398500000001390e-01
2.670822500000000765e-01
2.388615000000000044e-01
2.906578999999999691e-01
2.267084000000000321e-01
1.988793000000000644e-01
2.172399500000000427e-01
2.564562499999999967e-01
3.061839000000000643e-01
1.944148000000001375e-01
1.923929000000001999e-01
2.827861999999999876e-01
3.516323499999999269e-01
2.506890500000000244e-01
1.971088999999999480e-01
1.765886000000000400e-01
1.548487500000000072e-01
1.284777499999999462e-01
1.212531999999999360e-01
1.218854499999998398e-01
1.272861499999999035e-01
1.615720000000001599e-01
2.154279000000001998e-01
2.576980000000000937e-01
2.094398999999999567e-01
2.215177499999999300e-01
2.248933999999999100e-01
2.068328000000000944e-01
2.290918500000000413e-01
3.057445500000000593e-01
2.733900499999999956e-01
2.964535500000001211e-01
2.350905500000000370e-01
2.166364499999999527e-01
2.107007499999998812e-01
1.881209999999999549e-01
2.131539999999998991e-01
2.118819499999999023e-01
2.028893499999998851e-01
1.854782499999998446e-01
1.755111500000000879e-01
1.621768500000000945e-01
2.655921000000000531e-01
2.547821000000001224e-01
2.359234500000000345e-01
1.706890000000000074e-01
2.217313000000001033e-01
3.059238000000001345e-01
2.702087999999999712e-01
2.383567999999999520e-01
