FramewiseDisplacement
4.203329999999999012e-01
3.592104999999998771e-01
1.439005000000000145e-01
1.943174999999996988e-01
1.355389999999999373e-01
3.658915000000001472e-01
3.352610000000000312e-01
3.686855000000003324e-01
2.821955000000003766e-01
3.572959999999999470e-01
2.305415000000002324e-01
1.845744999999998637e-01
1.230005000000001514e-01
7.207600000000019547e-02
1.161565000000002457e-01
2.266835000000002598e-01
2.189596999999998128e-01
2.400851999999998598e-01
1.672984000000003746e-01
2.939470999999999057e-01
6.387269999999994896e-01
6.250937352000004443e-01
3.027645351999997958e-01
7.064542000000000321e-01
9.967481499999998329e-01
1.070817149999999884e+00
2.267657499999999882e+00
7.045950000000000824e-01
1.587809000000000026e+00
7.077269999999996619e-01
4.902981000000000700e-01
3.637461000000001277e-01
3.373479000000003114e-01
2.750164999999999971e-01
4.022357000000001404e-01
8.316420000000007695e-02
5.122756999999997785e-01
3.154123999999999262e-01
8.730041000000000606e-01
5.032683999999999491e-01
6.051354999999999373e-01
2.465172999999997450e-01
3.600066000000000654e-01
2.824020999999998782e-01
1.781492999999998439e-01
5.744334999999997082e-01
5.584113999999998912e-01
3.030529000000000139e-01
7.598036000000002455e-01
1.052641300000000113e+00
1.384804599999999830e+00
5.539174000000000042e-01
1.425610999999999684e-01
3.382029999999998648e-01
2.270918899999998797e-01
2.959805899999999879e-01
2.458239999999998759e-01
3.843243000000000076e-01
1.936533000000001392e-01
1.828397000000001327e-01
3.281432000000000238e-01
1.096555799999999969e+00
1.088508700000000218e+00
2.997471000000002106e-01
9.771566000000000418e-01
1.359761899999999635e+00
1.372152160000000176e+00
6.783588399999999075e-01
4.442690999999998613e-01
2.208361000000000351e-01
2.443988999999999745e-01
3.326579999999998427e-01
2.330587000000001185e-01
4.246695999999998694e-01
3.421354000000001450e-01
3.011256099999999325e-01
5.928107899999999209e-01
1.918105999999997480e-01
5.291096999999999051e-01
4.634222999999997872e-01
9.963872999999998648e-01
4.859898999999998637e-01
1.424442999999999404e-01
9.955741999999999647e-01
5.303036999999999335e-01
7.015782999999998770e-01
1.244852000000000070e+00
1.010673899999999792e+00
2.520336000000000243e-01
1.767108899999999982e+00
1.143852399999999880e+00
2.437036999999999676e-01
3.398511799999999194e-01
6.169332799999999173e-01
2.069891099999999984e+00
1.069706200000000162e+00
1.661775800000000025e+00
6.238339999999999996e-01
4.223431000000001379e-01
2.350633000000000583e-01
3.830783000000000382e-01
4.827750000000001207e-01
3.327311999999999492e-01
2.790119999999999267e-01
6.797167999999997878e-01
8.897674000000000971e-01
9.701597999999999056e-01
3.582226000000000021e-01
3.007215999999999778e-01
1.549860999999999600e-01
3.045727999999999769e-01
2.520718000000000125e-01
2.195976000000000039e-01
3.039161999999999697e-01
7.095208000000000625e-01
2.228590000000000848e-01
1.464385000000000048e+00
4.808474000000000359e-01
3.029999999999999916e-01
1.965079000000000131e-01
1.154726499999999989e+00
1.065794899999999990e+00
1.626124000000000180e-01
2.614519040000000683e-01
8.845583040000000175e-01
9.922060400000000113e-01
5.594241599999999481e-01
4.573658000000000445e-01
2.648955000000000060e-01
6.667061999999999156e-01
6.319597000000000131e-01
2.633055000000000256e-01
2.731848000000000609e-01
6.566728000000001675e-01
6.049414999999999099e-01
5.730691999999999453e-01
5.529018000000001098e-01
2.693034999999999735e-01
9.646557999999999522e-01
1.183811614999999984e+00
1.030133484999999904e+00
2.060441519999999804e-01
3.342540480000000258e-01
3.430848700000000417e-01
2.778951300000000457e-01
2.739409419999999651e-01
2.107884319999999978e-01
3.737618999999999803e-01
8.470004999999997120e-02
4.360342499999999566e-01
8.360771500000000467e-01
4.201765000000000083e-01
4.996757000000000004e-01
1.982184000000000723e-01
2.801163000000000403e-01
2.726116000000000095e-01
2.933479000000000503e-01
1.460499999999999854e-01
1.729482999999999993e-01
1.794833999999999319e-01
1.785660000000000303e-01
1.124012000000000067e-01
7.042311000000001098e-01
3.908248299999999564e-01
2.048001700000000036e-01
8.047828000000001314e-02
2.364620799999999912e-01
5.382609000000000421e-01
2.577258499999999786e-01
5.686499500000000706e-01
3.406194000000000166e-01
1.086279049999999913e+00
9.526580500000001450e-01
1.409319200000000105e+00
4.421404999999999919e-01
8.237837000000000076e-01
3.887480500000000117e-01
1.527498750000000127e+00
1.397125999999999868e+00
4.678055000000000407e-01
4.523134999999999240e-01
7.525049999999997574e-01
1.923998799999999898e+00
1.505555399999999766e+00
1.710651850000000085e+00
6.847476999999999592e-01
3.067547999999999941e-01
4.832497499999999779e-01
6.445136999999999672e-01
8.218098500000000639e-01
9.428908500000000581e-01
1.049831400000000192e+00
1.319006000000000123e+00
1.535925999999999902e+00
1.046484999999999915e-01
6.213935000000000430e-01
9.039650000000000185e-01
7.798060000000001102e-01
1.161244500000000013e+00
1.438350000000000461e-01
5.833100000000001062e-01
9.530130450000001696e-01
1.656097045000000545e+00
3.654094999999999982e-01
5.460920000000001329e-01
4.070075000000001331e-01
2.762815000000000132e-01
4.532679999999998932e-01
1.134837500000000166e+00
1.157341500000000023e+00
1.884124899999999769e+00
2.282663900000000190e+00
2.203300000000000480e+00
2.499312500000000270e+00
2.034985890000000186e+00
4.552653899999998810e-01
8.799950000000000827e-01
8.067244999999998445e-01
2.578300000000001146e-01
1.533541999999999961e+00
1.427451000000000025e+00
2.045221750000000061e+00
1.783919749999999915e+00
1.503673499999999663e+00
1.101827999999999586e+00
9.021119999999999139e-01
5.529935000000000267e-01
4.082839999999999248e-01
3.680379999999999763e-01
5.662400000000002986e-01
1.055333999999999994e+00
1.044842499999999896e+00
1.541768500000000097e+00
1.663004500000000219e+00
9.069709999999999717e-01
7.242990000000000261e-01
1.326114999999999711e+00
1.678554499999999949e+00
1.587384500000000198e+00
1.264151000000000247e+00
3.089724999999999833e-01
8.017839999999998302e-01
1.119061499999999931e+00
1.643587999999999827e+00
1.464404999999999957e+00
2.583877000000000645e+00
6.988460000000001893e-01
4.007229999999997183e-01
2.083459999999999757e-01
7.022184999999998567e-01
1.374988499999999725e+00
1.778080999999999801e+00
6.245164999999999189e-01
1.114232499999999737e+00
9.389815000000000245e-01
8.572780000000002065e-01
1.300035500000000122e+00
1.989273799999999870e+00
1.981290800000000019e+00
2.031703700000000001e+00
1.884376200000000168e+00
1.728811550000000086e+00
1.711321550000000302e+00
1.760034399999999888e+00
1.706739400000000018e+00
1.747794000000000070e+00
1.791781999999999986e+00
1.032650999999999764e+00
2.494997500000000645e+00
4.349250000000000616e-01
4.095150000000001844e-01
4.868799999999999795e-01
4.409149999999999459e-01
2.325000000000002343e-01
9.326999999999974200e-02
3.996249999999997304e-01
3.179300000000000459e-01
4.909649999999999848e-01
4.309849999999998960e-01
4.022799999999998044e-01
2.715250000000001829e-01
8.284709999999999575e-01
3.527659999999998575e-01
1.179000999999999966e+00
4.272480000000000167e-01
3.874709999999997878e-01
3.279470000000000995e-01
3.335409999999999209e-01
9.672720000000001317e-01
3.576449999999998797e-01
7.280879999999997354e-01
8.850870000000000681e-01
3.698739999999997585e-01
1.034512500000000168e+00
1.236542500000000100e+00
1.641384499999999802e+00
1.595613500000000018e+00
4.114150000000000862e-01
4.107979999999998855e-01
