FramewiseDisplacement
6.683974999999998667e-01
5.220750000000000668e-01
2.753144999999998510e-01
5.271149999999989039e-02
3.722300000000000608e-01
3.359819999999999474e-01
1.937535000000001895e-01
2.653485000000000982e-01
2.804444999999998744e-01
1.452830000000001898e-01
2.507239999999998914e-01
2.751350000000000184e-01
4.362959999999999616e-01
1.887089999999999879e-01
4.035790000000000211e-01
2.901049999999998907e-01
9.386900000000006350e-02
2.685504999999999143e-01
3.425864999999999605e-01
1.680169999999999719e-01
3.546664999999999401e-01
2.122989999999999322e-01
1.146325000000000399e-01
2.916710000000000136e-01
2.884432999999999025e-01
2.519957999999999365e-01
4.546462999999998367e-01
3.186562999999999479e-01
2.538807000000000147e-01
3.089988000000000179e-01
3.639003999999999017e-01
3.422777999999999654e-01
3.606735999999999276e-01
1.526933499999997834e-01
1.745288000000001505e-01
2.839988499999999694e-01
3.290311999999999126e-01
1.795183499999999932e-01
2.977972500000000133e-01
1.952610999999999652e-01
1.731950000000000434e-01
2.068482599999999783e-01
2.009768599999999794e-01
6.771770000000003342e-02
1.749653999999999376e-01
1.358213999999999255e-01
1.515107000000000259e-01
1.230628000000000138e-01
1.704392999999999880e-01
1.863034000000000079e-01
2.059114500000000514e-01
1.892394499999999757e-01
1.493906499999999860e-01
2.231915499999999331e-01
1.442826000000000386e-01
1.691719999999999891e-01
2.257391200000000153e-01
1.269971400000000639e-01
1.170785599999999982e-01
1.808091999999999755e-01
1.943817499999999643e-01
1.659299150000000389e-01
2.135895650000000368e-01
2.022367999999999943e-01
2.944347999999999965e-01
1.299067000000000138e-01
2.284600000000000242e-01
1.858661000000000341e-01
1.924849999999999617e-01
2.123063000000000311e-01
1.427203500000000236e-01
2.114057500000000589e-01
9.922009999999997776e-02
2.248131499999999894e-01
2.251485499999999751e-01
1.656823500000000060e-01
1.606537499999999841e-01
2.497966500000000367e-01
2.078159500000000270e-01
2.541794499999999735e-01
3.912613600000000025e-01
1.879454100000000072e-01
3.259946000000000232e-01
3.599122000000000710e-01
1.634956300000000029e-01
1.765453800000000018e-01
1.809017999999999737e-01
1.871163066000000041e-01
2.205138566000000300e-01
2.700316900000000464e-01
2.278465700000000260e-01
2.611720499999999889e-01
1.961926799999999527e-01
1.962620800000000054e-01
1.797252500000000031e-01
1.890955500000000289e-01
1.620662999999999965e-01
1.196549999999999975e-01
9.886630000000001806e-02
1.883523000000000003e-01
1.391868499999999731e-01
7.606235000000000079e-02
1.100142999999999815e-01
1.334449500000000066e-01
3.968486800000000092e-01
1.413524699999999801e-01
4.603548000000003138e-02
1.814774199999999726e-01
3.006001199999999707e-01
2.218289799999999812e-01
2.833274500000000362e-01
1.866718500000000280e-01
1.994379000000000290e-01
1.763630999999999949e-01
2.159606000000000026e-01
4.008285000000000320e-02
1.052261500000000183e-01
8.623419999999998309e-02
1.662973999999999841e-01
1.313381000000000132e-01
1.459478499999999901e-01
1.343014499999999889e-01
2.000903200000000159e-01
1.058703500000000158e-01
9.256823000000001522e-02
6.536554999999999449e-02
1.638157600000000047e-01
9.086750999999999856e-02
1.470485200000000159e-01
2.101579300000000206e-01
2.951188670000000069e-01
1.714688669999999970e-01
1.840701499999999879e-01
2.857726210000000044e-01
1.056253490000000073e-01
1.512660099999999785e-01
2.589111149999999695e-01
2.529115000000000113e-01
4.392456499999999875e-01
3.622094149999999790e-01
2.906852850000000710e-01
3.080587250000000332e-01
1.413374599999999981e-01
1.532678499999999833e-01
1.612707699999999800e-01
2.779152049999999985e-01
2.003819000000000017e-01
2.142731299999999783e-01
2.440914399999999929e-01
2.250294200000000078e-01
1.470749000000000084e-01
1.347986257000000077e-01
2.915019442999999821e-01
2.734229049999999939e-01
2.456107200000000601e-01
2.852763849999999657e-01
2.828484149999999642e-01
1.990411599999999948e-01
1.500370900000000118e-01
3.793841000000000019e-01
2.792985500000000343e-01
2.648978499999999903e-01
2.515185650000000273e-01
2.202291150000000031e-01
2.439859999999999807e-01
1.765642500000000337e-01
1.483804999999999708e-01
2.464228499999999988e-01
2.173545999999999534e-01
2.760154100000000166e-01
2.732065399999999422e-01
1.897862999999999911e-01
2.354080499999999798e-01
2.100057000000000174e-01
2.348714199999999697e-01
1.445564119999999675e-01
2.085363420000000412e-01
1.956018500000000215e-01
1.900048000000000015e-01
6.768509999999998417e-02
2.037843300000000135e-01
1.501303200000000115e-01
2.063100000000000211e-01
5.329509999999999803e-02
2.628843650000000087e-01
2.740994790000000347e-01
2.526027859999999681e-01
1.648857160000000155e-01
1.886310160000000125e-01
1.419204699999999930e-01
1.255394900000000036e-01
9.444436500000000234e-02
1.232175350000000169e-01
2.742293500000000384e-01
1.695789999999999798e-01
2.079060999999999826e-01
3.464857499999999813e-01
2.748628399999999972e-01
2.618832000000000382e-01
3.129356500000000096e-01
3.568360399999999655e-01
4.304502949999999273e-01
2.963702450000000321e-01
3.236480500000000204e-01
3.279586000000000445e-01
2.959562000000000026e-01
2.221390999999999782e-01
2.580703500000000039e-01
1.815735400000000332e-01
1.628708899999999904e-01
2.251150499999999832e-01
1.609338000000000157e-01
1.939222500000000182e-01
2.157350000000000101e-01
2.070786999999999767e-01
2.103021999999999947e-01
2.681145999999999252e-01
3.010795000000000554e-01
1.968190000000000217e-01
1.912487000000000215e-01
2.457790000000000530e-01
2.607512269999999743e-01
5.674727300000000085e-02
2.603788999999999687e-01
2.145453399999999733e-01
1.684709600000000307e-01
1.643777000000000155e-01
1.449286000000000185e-01
2.537593499999999946e-01
1.443302799999999775e-01
2.508365269999999758e-01
2.570027029999999990e-01
2.447931799999999991e-01
2.579646800000000018e-01
3.574679999999999525e-01
2.548164399999999774e-01
2.423085399999999612e-01
3.273857999999999491e-01
3.441218799999999911e-01
5.589320600000000638e-01
2.489296399999999798e-01
2.505114800000000086e-01
2.351208300000000306e-01
2.551998600000000006e-01
2.531038700000000086e-01
4.562440600000000623e-01
2.091149999999999953e-01
2.137842899999999879e-01
2.033047600000000288e-01
2.510039800000000154e-01
2.181697274999999936e-01
2.000597645000000147e-01
2.703701668999999863e-01
2.185450938999999593e-01
2.627815159999999373e-01
2.599215389999999792e-01
2.971654409999999746e-01
3.118813879999999261e-01
2.826577600000000356e-01
4.840434200000000575e-01
2.705726999999999993e-01
3.071843500000000504e-01
1.654325500000000115e-01
1.600876469999999996e-01
1.429602470000000125e-01
2.221627000000000185e-01
3.126092500000000052e-01
2.031486299999999967e-01
4.668550799999999223e-01
4.040736699999999959e-01
1.691093500000000471e-01
2.123440000000000050e-01
3.110333000000000125e-01
2.098124500000000392e-01
1.940180000000000377e-02
1.248842300000000127e-01
3.501876200000000328e-01
3.747318549999999471e-01
5.662050650000000074e-01
4.495196100000000694e-01
3.226785400000000137e-01
1.340013999999999650e-01
2.181273000000000239e-01
2.295283999999999658e-01
2.341792400000000107e-01
2.353431600000000512e-01
1.917922500000000252e-01
2.828410499999999272e-01
2.463242000000000487e-01
2.944643000000000677e-01
4.373193999999999693e-01
3.915838600000000058e-01
4.073235600000000289e-01
3.137310000000000376e-01
1.304910700000000423e-01
1.352885299999999902e-01
2.059256900000000223e-01
1.729128900000000135e-01
1.854447499999999915e-01
