FramewiseDisplacement
4.179610999999999743e-01
2.141400000000000248e-01
1.987410000000000565e-01
2.122979999999999312e-01
3.194228999999999541e-01
2.114923999999999971e-01
5.105599999999999028e-02
7.622999999999995058e-02
1.660770000000000579e-01
1.081745000000000345e-01
9.117349999999996291e-02
1.350902500000000228e-01
1.076141999999999932e-01
9.562749999999996253e-02
4.218449999999997896e-02
1.321714499999999681e-01
1.636157500000000042e-01
1.015338499999999811e-01
8.253214999999998469e-02
1.019859499999999919e-01
1.161570499999999423e-01
9.155774999999995167e-02
5.627400000000001845e-02
7.029335000000003220e-02
1.006146000000000262e-01
1.798088499999999645e-01
2.031697499999999545e-01
9.845280000000002085e-02
3.765600000000008524e-02
4.310080000000002243e-02
7.714244999999993191e-02
1.041955000000000381e-01
1.746047499999998920e-01
9.672675000000000023e-02
2.938219999999997639e-02
1.159831500000000210e-01
1.183114500000000957e-01
7.318955000000008926e-02
7.393655000000003141e-02
8.977155000000001939e-02
9.684119999999997452e-02
7.425344999999999862e-02
1.100622599999999951e-01
1.471822174999999622e-01
1.246212775000000161e-01
5.155094999999999122e-02
5.292860000000002701e-02
1.276462500000000166e-01
1.005067549999999615e-01
1.890601549999999520e-01
3.376080000000000192e-01
7.431062000000000500e-01
3.614390499999999284e-01
1.009521000000000307e-01
9.025105000000006872e-02
1.101592000000000543e-01
8.795159999999997702e-02
1.536711499999999786e-01
1.391501500000000280e-01
1.360133999999999788e-01
3.915335000000003118e-02
7.321840000000000293e-02
1.416397000000000073e-01
1.492403499999999661e-01
3.729599999999998888e-02
6.466054999999998332e-02
1.421504999999999644e-02
5.898454999999998977e-02
2.915329999999996188e-02
1.506727500000000219e-01
1.729835999999999319e-01
1.039237499999999675e-01
3.503230000000001620e-02
1.159031999999999979e-01
1.305881000000000125e-01
8.789845000000000297e-02
3.847180000000000044e-02
7.960990000000001121e-02
8.983015000000002526e-02
1.149324999999999930e-01
1.081162499999999971e-01
1.217122499999999663e-01
1.172794000000000059e-01
1.364402500000000129e-01
4.826615000000002154e-02
1.014853000000000005e-01
1.749585800000000024e-01
1.502914799999999773e-01
2.799329999999998139e-02
1.031456000000000456e-01
1.489016999999999702e-01
9.358553500000002523e-02
4.763983499999997762e-02
1.084520899999999732e-01
1.551536299999999868e-01
7.702319999999995837e-02
6.113111499999999976e-02
1.563892649999999995e-01
3.713093000000002031e-02
1.049792200000000120e-01
1.285045499999999674e-01
4.677489999999999426e-02
1.029879300000000053e-01
1.108163300000000046e-01
6.316825000000000911e-02
1.204904699999999884e-01
1.068534700000000198e-01
1.340491200000000216e-01
1.562142400000000042e-01
4.987694999999998241e-02
9.178374999999998340e-02
7.074940000000001783e-02
4.234834999999997213e-02
4.106015000000001747e-02
3.695035000000000680e-02
6.068739999999998858e-02
4.422153999999999668e-02
1.128091475000000121e-01
6.010575749999999551e-02
7.382015000000001492e-02
8.860049999999998482e-02
4.586484999999998480e-02
2.675659999999999497e-02
8.008624999999998384e-02
6.977565000000002238e-02
3.780385000000001383e-02
3.646760000000000973e-02
5.966746599999998846e-02
6.946998399999998464e-02
5.878949999999998760e-02
5.311024400000000090e-02
9.391389399999999776e-02
2.499214999999999423e-02
1.176709400000000155e-01
1.031394900000000003e-01
8.780285000000000173e-02
1.909541499999999892e-01
9.319349999999999856e-02
5.121915000000000495e-02
2.121137000000000439e-01
3.067362049999999285e-01
7.700635000000001507e-02
9.769416499999999948e-02
6.197649999999999687e-02
9.200980000000000270e-02
9.262774999999999481e-02
1.221661080000000232e-01
7.139948899999999654e-02
1.775719099999999856e-02
5.832732499999999931e-02
3.490025499999999808e-02
7.473453000000000734e-02
8.448835000000000373e-02
5.636985499999999649e-02
4.076815500000000037e-02
5.625056900000000026e-02
7.357163599999999581e-02
8.593626499999999779e-02
1.024584322499999950e-01
1.502078727500000266e-01
1.372978249999999845e-01
1.673388349999999913e-01
8.882605999999999835e-02
3.956216500000000330e-02
8.358245999999999731e-02
1.173851499999999937e-01
9.750414999999999777e-02
5.188189999999999469e-02
1.390155500000000155e-01
1.491464000000000123e-01
8.726804999999999979e-02
4.631905000000000050e-02
6.388655000000000028e-02
8.061646000000000090e-02
1.027983599999999775e-01
6.509585000000001065e-02
4.441290000000000515e-02
1.294896999999999854e-01
7.292074999999999252e-02
8.650639999999998331e-02
1.100508200000000075e-01
5.856232999999999578e-02
8.076468999999998621e-02
8.191174000000001065e-02
5.703382000000000590e-02
7.879225999999998897e-02
6.818649999999999711e-02
5.464694699999998739e-02
5.522686300000000104e-02
1.352801500000000157e-01
2.486170500000000616e-01
1.221132500000000065e-01
1.048340849999999935e-01
3.002598500000000850e-02
5.211473550000000204e-02
8.066838450000000937e-02
4.964727899999996780e-02
3.581584099999999410e-02
6.105563899999999489e-02
2.760623599999999928e-02
8.674469699999999561e-02
7.229972700000000807e-02
3.339128699999999172e-02
4.638066000000001105e-02
5.328423499999999924e-02
6.730554500000002216e-02
6.407622999999999791e-02
9.723026899999999417e-02
1.501631390000000010e-01
1.060891900000000276e-01
7.723729999999999485e-02
7.514090700000002065e-02
1.128575570000000111e-01
1.840118000000000309e-01
8.602516000000001717e-02
1.104543999999999804e-01
6.674763999999996922e-02
8.905270000000004016e-02
6.173549999999999871e-02
7.667910000000005555e-02
8.034229999999996374e-02
7.577385999999997068e-02
4.252603999999998718e-02
3.946593499999999644e-01
2.972566299999999662e-01
5.453350399999999931e-01
3.000476400000000043e-01
1.213345499999999993e-01
9.301944999999998964e-02
1.787229999999996946e-02
1.009807500000000219e-01
1.135963500000000403e-01
1.560184499999999752e-01
1.711118500000000098e-01
1.469298500000000007e-01
1.218665999999999916e-01
1.327543000000000195e-01
1.379306000000000143e-01
1.468146999999999924e-01
1.443890999999999925e-01
1.167377500000000012e-01
3.871294999999998210e-02
6.738755000000003215e-02
1.352561500000000194e-01
1.002784000000000314e-01
1.023480999999999835e-01
8.714770000000005012e-02
7.913159999999999639e-02
1.344106920000000260e-01
6.262204199999998888e-02
1.262036500000000283e-01
2.384633000000000169e-01
1.552510000000000001e-01
1.509126000000000078e-01
5.836629999999998902e-02
6.819890000000000674e-02
7.661550000000003080e-02
6.390379999999999672e-02
5.595950000000000923e-02
9.233240000000000891e-02
1.346374999999999655e-01
2.275729000000000224e-01
9.092230000000001144e-02
6.286130000000003659e-02
7.570639999999999314e-02
1.362877000000000116e-01
1.260998999999999870e-01
5.226870000000002903e-02
9.132879999999998777e-02
1.264592000000000216e-01
6.261719999999995623e-02
1.601017999999999886e-01
1.404141000000000417e-01
9.731419999999998960e-02
3.316100000000002379e-02
1.069601999999999775e-01
8.071919999999996320e-02
1.433351000000000208e-01
1.509620500000000143e-01
1.074654899999999969e-01
1.674881899999999813e-01
1.323320500000000344e-01
6.945399999999998797e-02
7.543729999999999880e-02
1.294363999999999792e-01
1.715032999999999697e-01
5.033960000000001905e-02
3.933475000000001554e-02
4.287181000000000325e-02
5.895835000000004822e-02
1.637145899999999654e-01
1.133537000000000294e-01
6.913650000000001739e-02
3.535249999999996728e-02
8.348990000000008904e-02
8.668279999999999041e-02
1.024708999999999481e-01
1.608099999999999530e-01
1.282347999999999544e-01
