FramewiseDisplacement
2.175977499999999787e-01
3.103446999999999178e-01
2.063011999999999901e-01
1.527959999999999874e-01
1.400490000000000346e-01
2.650588500000000125e-01
2.116301500000000724e-01
7.257419999999997762e-02
1.473749999999999505e-01
3.035545999999999522e-01
6.960290000000000921e-02
1.405473999999999890e-01
1.265263000000000360e-01
8.879654999999997411e-02
1.094865000000000005e-01
2.006815499999999586e-01
6.561985000000003510e-02
6.632999999999994456e-02
4.968125000000006564e-02
8.214904999999997348e-02
8.938164999999997917e-02
8.806060000000000276e-02
1.448804500000000495e-01
8.343212000000006789e-02
2.526033999999999571e-02
9.435973999999996975e-02
4.457471000000007288e-02
5.600740999999997971e-02
6.005630000000002078e-02
1.097322099999999828e-01
3.701085999999997184e-02
5.239545000000003783e-02
3.292957149999999888e-01
1.308658149999999964e-01
1.548462000000000449e-01
8.116793499999998274e-02
6.247343500000004241e-02
4.782372999999998792e-02
5.964482999999991958e-02
4.583779999999997024e-02
3.694957999999994719e-02
1.042689500000000269e-01
4.918964999999997367e-02
6.144014999999997118e-02
6.612829999999997321e-02
7.128424999999999345e-02
2.940164999999997017e-02
7.923370000000000413e-02
7.693210000000001714e-02
1.230619000000000712e-01
5.911255000000000676e-02
1.461533999999999889e-01
8.294200000000002959e-02
1.123739500000000419e-01
8.128625000000003209e-02
8.613200000000001411e-02
8.405060000000003084e-02
6.824544999999998529e-02
9.555140000000003631e-02
8.877835000000003363e-02
1.036001000000000005e-01
7.104100000000000692e-02
9.112699999999999967e-02
3.717210000000002040e-02
7.312364999999998449e-02
1.659165000000001680e-02
2.235676499999999789e-01
1.416047499999999737e-01
9.868210000000002258e-02
1.875881999999999827e-01
1.345819000000000043e-01
4.915164999999999118e-02
1.441827999999999999e-01
2.659631849999999909e-01
9.622629500000001723e-02
8.713187500000002528e-02
1.207314149999999808e-01
5.323308000000000206e-02
5.307084999999998193e-02
1.008658000000000055e-01
9.577425500000000258e-02
4.506809999999999289e-02
3.534980499999998416e-02
1.148380099999999904e-01
1.393203399999999870e-01
5.724390000000002116e-02
1.703418400000000221e-01
5.556205000000000171e-02
7.662819999999996579e-02
1.162395000000000095e-01
1.454233500000000068e-01
4.487074999999998010e-02
1.006869999999999848e-01
3.944795000000000940e-02
1.373568599999999973e-01
1.665891549999999888e-01
6.593610500000002261e-02
8.501504999999998091e-02
9.756900000000001683e-02
1.682047600000000087e-01
3.854415000000001312e-02
4.087750000000001105e-02
7.681366000000000582e-02
3.574414999999999537e-02
6.696591000000000349e-02
8.239161000000000401e-02
1.532294599999999840e-01
1.311155500000000251e-01
1.691520999999999719e-01
2.471680999999998143e-02
2.160912499999999847e-01
1.769913299999999745e-01
1.605412299999999792e-01
1.435399000000000258e-01
4.248465000000001962e-02
7.864210000000002032e-02
2.907610000000000749e-02
1.262911000000000172e-01
8.933187000000003541e-02
3.838523000000000629e-02
8.367515000000001757e-02
8.389305000000002455e-02
4.053830000000002709e-02
9.798600000000000365e-02
6.301020000000000232e-02
5.564348999999998990e-02
3.162536999999999987e-02
8.185150000000000758e-02
9.126650000000000040e-02
8.557325000000001736e-02
1.546373099999999723e-01
1.173187999999999870e-01
2.463191000000000130e-01
1.511103000000000030e-01
5.984794999999999698e-02
3.192700000000000399e-02
7.767844999999999611e-02
1.427834189999999948e-01
1.167564189999999863e-01
9.622197999999999862e-02
1.758034799999999842e-01
2.262605400000000377e-01
1.035759399999999775e-01
8.761959999999999193e-02
9.517125000000001278e-02
8.420989999999999032e-02
5.576555000000000401e-02
4.820665000000000366e-02
4.562379999999999214e-02
1.682671799999999884e-01
1.606715999999999978e-01
1.159308549999999993e-01
2.001240649999999899e-01
6.178327999999999598e-02
1.182488200000000184e-01
8.090505500000000350e-02
2.557913699999999624e-01
1.340013750000000059e-01
2.953489499999999990e-01
3.297221599999999864e-01
1.911969550000000018e-01
1.268989150000000010e-01
1.125566999999999818e-01
9.839229999999998810e-02
2.249929999999998945e-02
4.338085000000000552e-02
5.194870000000001431e-02
8.883445000000000924e-02
8.079919999999998770e-02
6.228264999999999496e-02
7.278990000000000460e-02
2.094203850000000422e-01
1.490034250000000227e-01
1.207002099999999883e-01
2.690430000000001640e-02
7.031480000000001063e-02
3.127154999999999518e-02
1.077002399999999749e-01
1.971260749999999839e-01
7.825716499999998965e-02
2.066276999999999975e-01
1.120967000000000213e-01
9.165209999999998636e-02
1.159046999999999855e-01
1.239810500000000093e-01
9.095114999999998062e-02
1.297742499999999799e-01
1.523960000000000037e-01
1.685362499999999708e-01
9.528430000000001621e-02
1.641079500000000024e-01
1.122302999999999634e-01
1.778023999999999993e-01
1.358430999999999944e-01
1.306598999999999955e-01
1.199207000000000328e-01
1.324666000000000177e-01
3.253029999999996341e-02
7.075509999999998745e-02
5.715120000000002004e-02
3.310270000000001267e-02
6.092540000000000455e-02
3.500730000000001896e-02
1.054894000000000248e-01
1.183405000000000012e-01
1.399839999999999973e-01
1.443270000000000108e-01
9.699800000000000089e-02
1.539374999999999771e-01
2.043029999999999846e-01
1.314484999999999681e-01
6.196799999999998143e-02
1.318254999999999566e-01
8.701749999999996987e-02
1.836890000000000189e-01
1.961659999999999793e-01
9.470650000000002677e-02
2.196722500000000688e-01
3.129159000000000246e-01
1.461820849999999894e-01
1.573800649999999579e-01
9.177179000000000586e-02
2.762493899999999836e-01
3.061695999999999862e-01
5.131280000000004726e-02
9.015564999999998996e-02
1.052207000000000281e-01
3.334375000000004002e-02
1.711524999999999574e-01
2.145093000000000416e-01
2.629188500000000372e-01
3.136918849999999481e-01
2.416601650000000101e-01
1.281279300000000565e-01
1.814225199999999760e-01
1.792925500000000227e-01
3.534555000000000335e-01
1.372999000000000303e-01
1.811499999999999777e-01
1.391619499999998677e-01
2.407082500000000680e-01
2.503400499999999806e-01
3.619167000000000356e-01
3.092964999999999742e-01
2.690294999999999839e-02
4.947150000000003628e-02
6.924965000000000981e-02
7.668556000000004147e-02
7.856244000000002503e-02
2.393043499999999990e-01
2.435256000000000365e-01
2.139203999999999828e-01
4.142669999999999686e-02
5.134690000000002169e-02
4.090199999999999392e-02
5.335749999999996745e-02
7.824509999999995635e-02
2.917150000000001686e-02
2.346062999999999898e-01
5.757599500000000203e-01
8.705098500000000294e-01
1.669158500000000045e-01
1.613794000000000062e-01
2.118994000000000155e-01
2.364138150000000549e-01
1.073969849999999865e-01
1.576956000000000468e-01
2.127409050000000634e-01
3.644213549999999469e-01
2.763629499999999961e-01
5.276011500000000742e-01
2.054071500000000106e-01
2.134884999999999700e-01
1.805782000000000220e-01
1.179674999999999613e-01
1.793624000000000607e-01
9.216549999999999743e-02
2.880063999999998847e-01
6.929074349999999605e-01
7.926951350000001062e-01
4.265904999999999281e-01
3.105412999999999091e-01
1.481231999999999827e-01
1.834734000000000087e-01
1.647707000000000754e-01
2.675911499999999443e-01
8.642541499999999433e-01
7.377736500000000586e-01
2.829799999999999538e-01
2.969945999999999975e-01
3.612142149999999496e-01
1.768271650000000361e-01
1.286914356000000037e+00
5.499150890000000791e-01
3.040112050000000621e-01
2.937819499999999584e-01
4.456991499999999329e-01
5.654215500000001615e-01
4.724957999999999103e-01
