FramewiseDisplacement
6.933647000000001670e-01
3.555404999999999816e-01
2.318849999999997857e-01
1.574889999999999901e-01
3.972275000000000666e-01
4.283979999999997790e-01
3.560544999999998295e-01
1.145105000000001538e-01
2.665739999999999776e-01
6.326074999999999893e-01
6.594240000000000101e-01
6.516401000000000554e-01
5.805443999999999605e-01
9.584874999999999368e-01
3.780480000000001062e-01
8.047300000000010001e-02
4.258249999999982882e-02
8.592180000000000373e-01
5.744800000000001017e-01
1.420695000000000430e-01
5.933088000000000806e-01
5.056432999999997957e-01
6.340121999999999147e-01
4.285741999999997942e-01
5.290264000000000078e-01
3.511211999999999112e-01
3.117132000000000791e-01
6.421209000000001055e-01
4.395701999999996890e-01
1.714032000000000888e-01
4.652565000000000728e-01
2.726058000000000647e-01
1.787346999999999131e-01
4.077760999999998082e-01
3.822336000000000622e-01
6.383933000000003855e-01
6.186128000000000737e-01
4.304380000000000428e-01
2.787821000000000882e-01
2.819283000000000206e-01
1.870875999999999928e-01
5.379402999999998158e-01
4.832237999999999811e-01
1.636608999999997482e-01
3.099680999999998021e-01
1.340912000000001325e-01
3.147252000000002603e-01
7.365849999999999342e-01
7.615745000000001541e-01
7.600594499999998588e-01
1.772432500000000466e-01
1.974210999999999605e-01
3.249415000000001053e-01
4.317346000000000794e-01
5.108557999999999710e-01
1.259158999999999695e-01
2.942528099999999758e-01
2.887214099999998451e-01
3.015684000000000142e-01
2.646007000000002440e-01
2.504454000000000402e-01
1.003021999999998970e-01
3.043890000000001317e-01
3.963195000000000467e-01
1.833733999999999364e-01
1.836384999999997880e-01
2.462679000000000951e-01
2.544489000000000334e-01
1.577802999999999289e-01
8.316118000000001231e-01
1.625677109999999814e+00
4.227066099999999271e-01
2.890489890000002005e-01
1.869106110000000875e-01
7.133597999999999884e-01
4.860032399999997810e-01
6.666070400000000395e-01
5.190305000000001723e-01
5.506608000000000613e-01
1.611929000000000001e-01
2.954725999999999186e-01
1.840334999999999610e-01
1.638227999999999906e-01
2.191362999999999228e-01
4.056354999999999267e-01
4.072625000000000273e-01
3.426798999999999262e-01
1.390065999999999802e-01
4.189320000000001931e-01
2.241180290000002462e-01
5.704762290000001679e-01
8.082494999999999541e-01
3.652060000000001416e-01
3.523229999999998863e-01
9.373741999999998242e-01
8.531576999999999078e-01
3.577434999999999365e-01
2.202733999999999248e-01
3.176495999999999209e-01
2.921469999999998235e-01
3.869534999999998948e-01
1.591432999999999875e-01
2.032933000000001489e-01
2.148509000000000391e-01
4.890659000000002199e-01
1.248747499999999899e+00
9.068508999999999043e-01
5.087470000000000603e-01
2.749785999999999064e-01
1.402045999999999293e-01
2.312600999999998852e-01
3.628163999999999834e-01
2.556099000000000010e-01
1.252125000000000044e-01
3.443649999999998101e-01
5.186760999999998623e-01
3.333859999999999046e-01
1.165203600000000117e+00
1.100505799999999867e+00
5.396609500000000281e-01
2.716148000000000451e-01
4.990469499999999892e-01
3.606984500000000593e-01
1.936992750000000041e-01
1.951160249999999985e-01
3.807524999999999382e-01
3.581847999999999699e-01
4.339575499999999697e-01
3.958349750000000888e-01
1.992306650000000290e-01
2.396909600000000085e-01
5.372944999999997029e-02
1.199982499999999869e-01
2.561424900000000004e-01
2.809834899999999469e-01
5.428030000000000355e-01
6.069914999999999061e-01
1.516434500000000130e-01
3.576251500000000028e-01
3.482415000000000371e-01
9.488127600000001438e-01
8.643225300000000333e-01
4.232851699999999884e-01
3.641437000000000146e-01
2.326905000000000223e-01
9.207164000000002124e-01
1.282633600000000040e+00
5.969605000000000050e-01
2.938565000000000205e-01
2.748168625000000365e-01
8.249642674999999592e-01
6.874807200000000451e-01
8.811631799999999348e-01
3.661023499999999653e-01
1.394866899999999410e-01
3.219113100000000616e-01
4.746902000000000066e-01
4.255562499999999693e-01
1.310972499999999985e-01
4.765827999999999176e-01
7.269483500000000209e-01
6.358847000000000804e-01
7.003256270000000061e-01
4.408989770000000252e-01
1.131360849999999973e-01
2.654612850000000468e-01
8.474689999999991674e-02
3.050388499999999725e-01
1.600084199999999957e+00
9.818676450000002331e-01
3.704740049999999396e-01
7.889444499999999083e-01
4.446500499999997968e-01
3.116984499999998492e-01
2.056490000000001650e-01
4.875838500000001519e-01
6.434256500000002932e-01
9.347370700000002808e-01
1.512142580000000125e+00
4.302747500000000946e-01
1.320080200000001425e-01
7.581008999999996889e-02
8.336673999999986984e-02
9.452344000000001412e-01
7.065106499999997958e-01
3.316665499999998379e-01
8.490177000000000973e-01
4.912834000000000367e-01
5.759891500000001718e-01
4.431952499999999850e-01
7.967210999999999599e-01
3.530940200000000084e-01
6.351715199999999895e-01
3.416874899999998161e-01
2.439380900000001351e-01
2.854193999999997677e-01
4.649672999999999723e-01
6.646623000000001502e-01
4.507550800000000857e-01
8.308725799999999717e-01
5.039023999999999726e-01
4.338164400000000809e-01
5.620538399999998047e-01
4.650281300000000395e-01
1.038905130000000065e+00
7.217569000000000345e-01
3.531173500000002186e-01
8.263912500000003547e-01
1.783720200000000089e+00
5.756693999999999978e-01
1.888328999999999980e-01
7.440221000000001306e-01
7.748166000000000775e-01
3.959511000000000003e-01
1.826768000000001113e-01
1.374366099999999813e+00
1.459272899999999984e+00
8.789039999999997965e-01
3.959985999999999784e-01
3.094337000000001447e-01
2.732128000000000334e-01
2.452143000000001072e-01
1.341053449999999980e+00
4.405969999999999054e-01
8.080145499999999981e-01
1.091607000000000216e+00
2.194885450000000127e+00
8.138634500000000438e-01
3.052844999999998477e-01
1.466631900000000099e+00
4.672594000000001024e-01
1.151158000000000348e+00
4.470002999999998505e-01
3.981173499999998144e-01
1.132759850000000013e+00
1.012032949999999598e+00
1.137851449999999653e+00
5.811693700000003515e-01
2.004500299999998625e-01
1.145544499999997246e-01
4.405668299999997983e-01
4.748112800000001688e-01
1.743493599999999866e+00
1.092845300000000019e+00
1.666121249999999998e+00
7.388421999999998935e-01
1.203208550000000043e+00
2.725909499999999430e-01
3.497279500000000652e-01
2.047275999999999541e-01
1.681959000000001481e-01
9.451744999999999175e-01
1.013276949999999843e+00
3.936868500000000326e-01
1.666085999999999956e-01
1.578605000000000702e-01
6.239866999999998942e-01
1.086124199999999984e+00
8.928870500000001265e-01
5.342549499999998952e-01
2.583355999999998875e-01
1.278010000000000534e-01
4.345329999999995169e-02
3.376250500000000376e-01
9.939605500000000537e-01
9.001050000000000439e-01
9.310340000000002503e-01
4.937748000000001802e-01
2.712377999999999734e-01
1.028145500000000157e+00
7.348035000000002759e-01
2.827505000000000712e-01
6.726255000000002093e-01
3.555729999999999169e-01
2.949139999999998984e-01
1.836094600000000021e+00
1.336861599999999983e+00
9.722048999999999275e-01
9.740974000000001132e-01
5.834605000000001596e-01
3.836825000000000929e-01
1.051831299999999914e+00
5.624388000000000165e-01
1.054342500000000182e+00
7.278087999999999225e-01
3.326757999999999105e-01
8.728629999999999445e-01
7.480982999999999938e-01
2.123742999999998216e-01
8.159799999999993447e-02
3.962775000000001158e-01
4.360419999999999852e-01
2.486927500000000180e+00
1.173624499999999848e+00
8.253079999999997085e-01
2.489529999999999799e-01
5.269590000000001773e-01
3.885430000000002493e-01
1.658365000000000811e-01
