FramewiseDisplacement
4.640597000000000749e-01
1.769100000000000672e-01
1.018800000000000539e-01
3.141799999999998066e-02
6.899405000000000121e-02
4.384255000000007035e-02
7.626100000000002321e-02
3.918899999999991141e-02
5.647850000000001480e-02
8.250899999999999901e-02
1.078535000000000882e-01
7.357899999999997775e-02
4.987950000000003492e-02
5.396250000000003821e-02
7.636600000000001720e-02
2.261250000000001800e-02
4.488400000000002804e-02
3.238299999999993961e-02
2.124404999999998933e-01
8.513699999999999601e-01
6.462995999999999741e-01
3.549406999999998868e-01
6.452900000000003078e-02
3.478189999999999754e-02
6.215389999999997028e-02
7.468719999999998138e-02
5.757020000000002968e-02
7.149169999999996361e-02
5.189710000000006401e-02
5.684450000000004777e-02
3.318199999999998928e-02
9.002850000000001129e-02
7.589080000000003601e-02
3.801979999999995780e-02
4.704449999999995441e-02
5.141089999999997467e-02
1.700859999999999525e-02
3.151459999999999678e-02
4.943179999999996327e-02
3.234400000000003939e-02
3.307399999999997842e-02
6.120719999999997551e-02
3.221950000000006059e-02
3.120110000000001632e-02
3.765650000000003023e-02
5.052310000000000828e-02
2.748320000000001317e-02
4.756849999999997192e-02
5.306710000000000593e-02
3.941449999999999815e-02
3.959089999999995668e-02
2.596874000000000127e-01
3.841101000000000099e-01
1.156700999999999563e-01
4.247669999999997836e-02
5.330100000000002197e-02
4.098930000000002016e-02
2.625639999999997143e-02
1.650699999999998696e-02
1.011021000000000003e-01
1.104573999999999834e-01
4.817259999999999598e-02
4.043793000000001081e-02
3.275788000000003086e-02
3.619360999999998718e-02
5.284988999999997578e-02
3.741909000000001595e-02
2.354413000000003114e-02
3.425573000000001200e-02
4.829620000000001134e-02
3.686580000000000412e-02
2.677151000000001224e-02
4.231188499999999353e-02
3.208787500000002263e-02
3.220953999999997402e-02
4.256789000000003181e-02
4.288880000000002551e-02
4.767270000000000535e-02
4.087029999999998442e-02
5.180030000000001439e-02
4.329870000000000246e-02
5.967669000000001139e-02
1.492473099999999664e-01
7.629259999999997433e-02
3.352750000000000175e-02
3.914419999999999011e-02
6.997269999999999879e-02
2.484080000000000316e-02
4.768964999999998622e-02
6.520029999999998882e-02
2.355599999999999014e-02
2.595915000000000375e-02
3.959175000000000888e-02
3.773680000000000784e-02
3.282159999999999245e-02
4.595669999999998229e-02
1.536569999999999256e-02
2.834015000000000145e-02
4.695659999999998030e-02
5.251885000000000581e-02
1.568080000000001556e-02
3.437800000000000578e-02
7.583880000000001176e-02
7.361395000000001132e-02
1.729270000000001153e-02
2.023025000000002599e-02
3.588890000000001523e-02
2.904750000000000387e-02
5.470664999999999556e-02
2.045269999999999727e-02
4.715350000000002179e-02
5.007805000000000589e-02
1.063003500000000018e-01
3.663210500000000369e-01
5.051834499999999784e-01
1.782587999999999950e-01
3.587670000000000442e-02
7.713191000000001185e-02
6.097106000000000747e-02
5.652209999999999873e-02
3.720106499999999844e-02
2.034485500000000543e-02
2.913098499999999813e-02
4.108724500000000834e-02
3.850354999999999750e-02
2.560724999999999807e-02
4.146092500000000958e-02
6.702167500000000278e-02
5.829920000000000241e-02
6.450860000000001315e-02
3.808286400000000099e-02
1.878638599999999520e-02
3.769220000000000209e-02
3.683836500000000486e-02
7.042891499999999472e-02
6.566564000000001122e-02
5.102161999999999670e-02
1.502780499999999478e-02
4.150707000000000008e-02
2.699882499999999713e-02
4.184322000000000735e-02
3.136511000000000160e-02
7.840839999999999962e-03
2.108447000000000099e-02
3.060612999999999875e-02
4.488161000000000234e-02
3.961252999999999996e-02
5.118866500000000125e-02
3.883233999999999991e-02
1.492463849999999849e-02
2.368458349999999837e-02
6.015175500000000119e-02
6.489516450000000214e-01
1.946524499999999769e-01
5.109689999999998677e-02
5.431965000000001098e-02
6.859549999999997594e-02
6.010020000000000640e-02
4.519069999999999337e-02
4.288680000000000270e-02
3.781660000000000577e-02
4.623875000000000207e-02
3.208949999999999303e-02
4.306624999999997261e-02
2.799760000000002177e-02
4.564964999999997913e-02
6.737229999999999608e-02
2.871360000000001966e-02
3.567250000000000282e-02
2.651000000000000578e-02
3.259984999999997884e-02
7.902630000000002153e-02
4.415664999999998480e-02
4.278814999999998314e-02
2.177894999999997055e-02
3.623355000000000325e-02
6.315990000000001880e-02
3.267959999999998921e-02
7.857229999999999770e-02
7.234454999999996583e-02
3.755725000000000036e-02
2.876814999999999234e-02
5.419965000000002281e-02
5.656395000000000173e-02
3.990215000000001122e-02
5.358019999999997368e-02
2.094870000000001453e-02
3.579820000000001612e-02
5.135460000000001413e-02
4.487725000000000741e-02
2.991859999999999312e-02
7.879960000000001130e-02
5.692799999999999250e-02
2.622040000000003257e-02
9.887449999999993813e-03
2.394435000000003783e-02
2.440489999999997592e-02
2.461595000000000449e-02
1.178624999999999812e-02
2.073695000000000399e-02
2.473380000000000370e-02
2.987404999999996452e-02
4.290855000000000363e-02
4.170085000000000458e-02
3.465469999999999662e-02
4.978694999999999649e-02
3.512299999999996675e-02
6.448429999999995277e-02
4.050745000000000734e-02
2.030785000000000576e-02
4.719399999999999984e-02
2.186005000000001627e-02
3.841604999999999326e-02
3.348559999999997649e-02
2.206049999999998984e-02
1.812545000000000475e-02
3.329750000000003540e-02
5.734085000000003346e-02
2.450035000000001795e-02
4.405629999999999963e-02
5.452225000000001515e-02
1.980129999999998003e-02
2.054439999999999045e-02
2.951629999999998491e-02
2.567969999999999281e-02
3.980820000000000886e-02
3.269144999999999690e-02
3.736845000000002526e-02
5.070113000000001785e-02
2.369689999999998950e-02
2.048840700000002096e-02
3.791567700000003649e-02
4.873018599999996009e-02
5.792458999999999109e-02
3.879679199999999661e-02
2.280499200000000309e-02
4.729730999999998131e-02
6.334360000000002766e-02
6.343470000000003828e-02
8.565717000000000469e-02
6.557801999999998688e-02
6.047504999999997466e-02
4.673545000000000477e-02
3.768790000000002416e-02
8.019670000000003740e-02
9.541790000000002769e-02
4.001539999999999958e-02
5.589890000000000136e-02
3.572579999999994649e-02
4.200449999999993772e-02
3.764810000000003848e-02
2.458380000000000981e-02
4.646229999999999805e-02
5.825450000000000766e-02
3.323250000000003979e-02
2.306149999999999173e-02
2.391650000000000026e-02
3.643350000000000061e-02
2.524099999999998567e-02
5.920940000000001618e-02
3.538240000000000135e-02
3.833249999999996382e-02
5.569190000000001639e-02
3.649490000000001066e-02
6.641450000000002907e-02
3.105949999999999683e-02
2.316899999999996393e-02
5.146800000000001374e-02
2.107199999999999698e-02
4.122849999999996656e-02
3.738050000000005257e-02
1.777900000000001701e-02
4.268800000000000372e-02
6.471850000000002601e-02
1.592349999999998628e-02
1.619265000000000010e-01
5.956049999999998845e-02
6.119749999999995332e-02
3.589545500000000389e-01
4.092892000000000752e-01
1.538709499999999786e-01
2.254752999999999896e-01
8.553045000000000786e-02
2.347100000000003350e-02
8.210254999999998249e-02
5.375170000000001336e-02
5.281865000000002253e-02
5.716794999999998822e-02
5.479294999999997917e-02
2.270949999999997970e-02
2.992514999999999065e-02
3.521934999999998955e-02
4.339830000000002158e-02
1.561119999999997614e-02
3.429434999999998734e-02
4.559759999999997426e-02
3.722269999999998358e-02
3.228105000000001945e-02
3.547970000000002372e-02
