FramewiseDisplacement
3.598374999999999768e-01
2.257234999999999381e-01
2.580610000000000404e-01
1.495249999999999913e-01
1.866309999999999636e-01
1.053443499999999616e-01
1.287423499999999776e-01
1.414355000000000195e-01
1.183625000000000232e-01
9.219069999999997267e-02
1.752168000000000336e-01
1.813207299999999578e-01
1.212799299999999941e-01
1.130307399999999490e-01
1.042040999999999801e-01
1.097392999999999841e-01
1.148193999999999743e-01
8.024610000000002852e-02
1.535652000000000128e-01
8.746719999999998107e-02
4.643769999999992903e-02
1.734622499999999290e-01
7.750360000000006133e-02
1.178810499999999456e-01
1.007742499999999541e-01
1.074062500000000225e-01
1.548295599999999772e-01
8.076121999999998080e-02
2.784589999999996512e-02
1.333965799999999868e-01
9.982039999999997582e-02
1.742328099999999880e-01
1.133812000000000431e-01
9.287261000000002209e-02
1.800561999999999996e-01
1.978831999999998703e-01
1.846440999999999777e-01
1.216985900000000509e-01
4.892138100000001377e-01
2.366026999999999159e-01
2.303017000000000258e-01
7.491711000000000897e-01
1.669132000000000393e-01
2.081445999999999852e-01
7.602570000000000161e-02
9.860960000000006109e-02
8.219329999999988590e-02
5.134660000000004082e-02
9.807879999999991050e-02
4.431990000000000235e-02
1.187988999999998324e-01
1.578120999999996776e-01
1.573032000000001152e-01
9.278289999999990434e-02
2.377897999999997736e-01
1.087240000000002094e-01
1.397718999999999767e-01
9.702820000000018930e-02
9.345400000000009255e-02
9.020969999999986499e-02
1.785739999999998995e-01
1.291384999999999894e-01
3.528635000000001076e-01
2.330624999999998670e-01
1.284174999999998512e-01
1.618770000000000486e-01
7.019349999999988099e-02
6.787150000000001515e-02
1.830939999999998680e-01
2.468285000000000895e-01
9.859949999999996495e-02
5.865649999999997949e-02
1.465774999999998884e-01
8.614499999999997160e-02
1.178350000000000786e-01
1.929614999999999525e-01
4.894300000000010448e-02
1.703570000000001472e-01
5.962849999999977196e-02
9.654850000000012034e-02
8.170999999999986607e-02
1.156600000000001655e-01
7.337499999999980149e-02
6.321299999999988040e-02
1.003574999999999884e-01
9.249049999999983673e-02
1.230855000000001115e-01
1.514165000000000094e-01
4.088699999999989565e-02
8.870700000000003582e-02
9.508700000000007424e-02
1.248799999999998245e-01
7.636649999999998994e-02
1.287029999999999841e-01
3.689744999999999830e-01
1.493029999999999358e-01
5.493200000000005717e-02
4.209649999999992565e-02
3.636650000000002381e-02
1.400705000000001532e-01
1.076564999999999883e-01
9.216749999999986065e-02
1.593439999999999301e-01
1.604330000000000755e-01
1.376924999999999677e-01
1.034034999999999399e-01
1.401230000000000531e-01
9.705899999999997863e-02
8.129800000000000915e-02
1.050470000000000015e-01
3.158700000000001784e-02
6.767649999999997279e-02
9.414479999999995907e-02
1.031699999999999978e-01
6.944839999999999347e-02
8.912639999999998064e-02
7.003749999999991926e-02
1.095855000000000024e-01
7.709500000000002462e-02
7.555999999999997441e-02
7.242949999999996613e-02
8.641899999999999582e-02
1.189659999999999884e-01
1.324510000000000409e-01
1.233615000000000128e-01
1.543207000000000051e-01
3.561879999999999213e-02
5.946130000000002247e-02
8.356900000000000439e-02
9.106364999999996823e-02
1.350901499999999644e-01
8.621815000000002116e-02
5.531429999999998987e-02
6.464355000000000795e-02
3.230719999999998038e-02
7.813354999999999606e-02
3.258149999999997160e-02
6.489039999999998698e-02
6.675410000000001065e-02
8.446885000000002586e-02
1.060301000000000021e-01
9.228849999999999554e-02
1.531877000000000100e-01
1.430740000000000067e-01
5.994430000000001285e-02
8.297075000000000977e-02
1.181607650000000148e-01
7.515586500000000225e-02
1.510020499999999710e-01
1.802694510000000250e-01
1.603437209999999946e-01
9.572434999999999972e-02
7.197882999999999365e-02
1.530928349999999827e-01
1.233468709999999968e-01
7.635986500000001287e-02
1.048763060000000025e-01
9.795855999999998620e-02
1.170650450000000342e-01
1.576004999999999490e-01
9.687677000000002869e-02
1.385152699999999959e-01
1.469953499999999691e-01
1.642070500000000211e-01
1.393189999999999706e-01
3.827965000000001922e-02
1.157053500000000124e-01
7.830369999999992059e-02
3.936918000000003831e-02
7.694291999999999798e-02
7.783296000000002046e-02
9.136909999999999477e-02
9.040536999999999879e-02
6.106361999999997819e-02
7.837614999999997778e-02
1.252777000000000196e-01
8.749864999999999726e-02
7.704925000000004132e-02
1.350062999999999680e-01
3.112834999999998520e-02
3.818500000000001754e-02
1.313753500000000296e-01
2.145638000000000267e-01
7.154915000000000580e-02
8.971720000000001083e-02
1.250358400000000370e-01
1.613742899999999481e-01
4.878725000000001810e-02
1.101405700000000071e-01
9.078511999999999693e-02
8.402869999999999784e-02
1.108372000000000385e-01
9.163849999999998386e-02
5.927870000000003137e-02
1.102962499999999568e-01
8.078645000000000964e-02
7.892379999999996065e-02
8.831429999999998448e-02
5.323859999999996928e-02
7.801959999999999451e-02
7.545610000000003981e-02
8.249810000000000476e-02
9.659240000000002269e-02
6.615730000000007160e-02
7.983530000000003957e-02
5.133789999999996412e-02
4.665849999999992226e-02
9.913550000000005691e-02
6.651750000000000718e-02
8.971899999999995157e-02
3.101800000000005247e-02
3.814899999999996072e-02
7.038544999999998830e-02
4.942150000000000709e-02
1.358879500000000073e-01
1.723109999999999642e-01
9.624250000000005023e-02
9.639299999999996482e-02
1.505099999999999771e-01
1.199809999999999766e-01
1.643079999999999541e-01
1.397660000000000013e-01
4.703049999999996122e-02
8.113799999999996015e-02
1.249579999999999996e-01
9.024749999999996664e-02
1.059014999999999818e-01
8.288349999999998496e-02
1.585305000000000741e-01
8.820800000000002250e-02
6.239149999999998863e-02
4.503400000000000458e-02
1.386374999999999691e-01
6.659400000000001429e-02
1.116915000000000546e-01
1.385224999999999373e-01
1.345724999999999560e-01
1.195275000000001059e-01
1.541264999999999441e-01
6.586049999999997462e-02
1.364690000000000625e-01
2.010470000000001145e-01
1.883234999999999770e-01
1.136989999999999251e-01
5.676600000000003865e-02
1.541365000000000929e-01
1.031761899999999788e+00
5.375866499999999437e-01
2.689207500000000417e-01
1.735474999999999934e-01
7.317950000000005006e-02
1.380804999999999949e-01
7.659049999999997804e-02
7.164449999999997210e-02
8.331799999999998929e-02
1.130900000000000238e-01
1.212729999999999780e-01
5.232599999999991425e-02
1.020830000000000626e-01
1.077904999999999697e-01
8.789249999999991514e-02
1.370049999999999879e-01
9.664699999999991353e-02
1.201069999999999083e-01
1.172700000000000131e-01
1.510075000000000445e-01
1.001364999999999755e-01
5.017000000000000626e-02
3.294250000000004119e-02
9.671100000000007468e-02
5.556099999999998540e-02
1.315695000000000059e-01
1.156690000000000357e-01
1.607630000000000170e-01
1.858265000000000056e-01
9.014300000000000090e-02
1.207670000000000687e-01
1.770645000000000135e-01
9.763450000000004070e-02
1.641719999999999846e-01
1.092394999999999894e-01
4.155000000000007299e-02
6.713400000000008250e-02
5.512049999999993344e-02
5.476700000000009338e-02
1.510025000000000672e-01
1.886205000000000798e-01
1.388299999999999534e-01
5.764600000000005137e-02
2.065339999999999954e-01
8.740849999999994457e-02
8.289649999999991470e-02
5.843049999999997551e-02
1.591565000000000063e-01
1.550445000000000295e-01
9.340599999999996128e-02
8.780449999999997979e-02
1.198415000000000452e-01
5.781049999999986894e-02
