FramewiseDisplacement
8.238630000000000120e-01
4.692455000000001486e-01
3.524029999999998553e-01
1.065269499999999869e+00
8.712400000000000144e-01
9.657810000000000006e-01
3.851330000000000586e-01
5.978456000000000881e-01
4.879271000000001135e-01
4.276555000000001328e-01
9.049378000000000144e-01
8.530438000000000187e-01
4.777819999999999290e-01
2.037180000000000657e-01
4.139275000000000593e-01
5.588059999999999139e-01
4.519685000000001618e-01
8.283553999999999640e-01
1.325594900000000465e+00
4.417376999999998999e-01
4.441742000000000745e-01
3.704444000000001180e-01
2.188339000000001366e-01
1.993925000000000280e-01
7.531519000000002073e-01
5.683504000000001444e-01
3.976035000000002761e-01
5.162938999999997502e-01
3.591949000000000947e-01
3.818505000000000371e-01
5.551039999999999308e-01
1.360950999999999689e-01
3.607120999999999800e-01
3.149520000000000097e-01
3.496250000000001856e-01
5.290574999999999584e-01
9.710890000000002020e-01
7.878066500000000527e-01
5.529201999999998618e-01
4.348164499999999655e-01
4.699240999999999002e-01
3.282153999999999350e-01
4.076932500000001180e-01
4.944238499999997760e-01
3.274353500000000139e-01
4.779679000000000011e-01
2.944270169999999354e+00
2.330945620000000051e+00
3.612640000000001406e-01
9.606397000000000963e-01
1.647898300000000038e+00
3.066135999999999306e-01
2.877915999999998697e-01
4.669242999999998478e-01
7.048980000000000246e-01
3.927936000000000760e-01
1.280157000000001211e-01
1.775010999999998840e-01
8.413523000000000529e-01
8.095314500000001523e-01
2.262294449999999735e+00
1.218728999999999951e+00
2.256574999999999831e-01
2.514870999999999635e-01
6.294841000000001019e-01
2.937374999999999847e-01
1.439475000000000060e-01
2.726720000000000810e-01
2.269675000000000165e-01
5.261508999999999769e-01
5.842644000000000171e-01
5.078952999999999385e-01
3.941621000000000152e-01
2.552492000000000094e-01
2.715888000000000191e-01
3.395934999999999926e-01
3.406205000000001037e-01
3.588287000000000559e-01
7.460632500000000666e-01
8.776869999999998839e-01
2.864309000000000438e-01
1.922786499999999676e-01
2.922546000000000310e-01
4.654014500000000498e-01
8.487539499999999792e-01
2.902321500000000776e-01
1.785693000000000419e-01
3.827697499999999642e-01
8.550919300000000556e-01
3.733493300000000903e-01
5.685180499999998860e-01
3.574279499999999943e-01
4.753282499999999522e-01
3.859372799999998827e-01
4.722955300000000189e-01
7.572914000000000589e-01
1.050562200000000335e+00
8.367379999999997597e-01
5.570352900000001828e-01
4.967666899999999552e-01
2.661073999999999384e-01
5.416542199999999641e-01
5.275714999999999710e-01
6.477854900000001859e-01
2.506422899999999898e-01
3.910534500000000246e-01
4.610446000000000266e-01
6.399214000000000846e-01
4.844086000000000780e-01
3.503479999999999372e-01
6.676614000000000715e-01
2.706125300000000178e-01
3.615691200000000771e-01
1.831944700000000537e-01
1.359889014999999257e-01
6.572000685000001230e-01
8.137484000000000384e-01
3.191263999999999768e-01
1.801294499999999132e-01
5.863129500000000549e-01
3.896154199999999901e-01
9.665255699999999450e-01
1.725778749999999917e+00
1.802384999999999904e+00
2.608909999999999840e+00
1.458052499999999752e+00
7.301683000000001034e-01
7.196540999999999633e-01
3.569299999999999695e-01
2.293241000000000029e-01
1.640801000000000343e-01
6.918311000000000321e-01
3.263653999999999722e-01
2.942902000000000018e-01
1.125617399999999879e+00
8.430522499999999475e-01
4.452843499999999954e-01
5.698857999999999979e-01
6.328670999999999047e-01
6.262253500000001250e-01
4.936241450000000142e-01
2.217395794999999836e+00
1.889040900000000134e+00
4.456969000000000070e-01
4.830487500000000267e-01
5.248884500000000619e-01
2.591708999999999818e-01
2.677484815000000240e-01
2.944297934999999811e-01
1.932519228400000066e-01
1.839558921599999952e-01
1.815263399999999805e-01
7.429700999999999667e-02
3.647610500000000311e-01
2.801080499999999973e-01
1.940096900000000124e-01
2.490992899999999732e-01
6.530417000000000582e-01
7.889904100000001419e-01
5.808699099999999893e-01
4.841855509999999363e-01
3.501457509999999496e-01
3.465205000000000091e-01
4.893550000000000400e-01
5.039219499999999519e-01
4.169977000000000822e-01
2.363129000000000202e-01
3.411589999999999900e-01
1.059418000000000026e-01
2.602714500000000153e-01
3.711889000000000438e-01
2.291593999999999853e-01
3.183739000000000430e-01
5.793852000000000446e-01
4.550290999999999086e-01
3.749505000000000754e-01
4.236765999999999033e-01
2.915018000000000886e-01
4.198342999999999936e-01
7.150298700000001784e-01
4.470028700000000521e-01
8.935865000000000613e-01
5.498810000000000642e-01
9.515339999999998799e-01
1.510757499999999975e+00
1.089117400000000124e+00
4.896516000000000757e-01
6.398933000000002203e-01
6.741075000000000816e-01
6.549559999999999826e-01
4.526439000000000989e-01
4.063440999999998193e-01
3.555900000000000172e-01
2.599477000000000038e-01
3.672348000000000279e-01
4.605168999999998958e-01
5.604280999999999846e-01
8.942265999999998716e-01
1.258442699999999803e+00
1.295447400000000027e+00
7.993033999999999972e-01
1.915736999999999857e-01
1.674726500000000007e-01
1.332903050000000089e+00
6.721716899999999884e-01
6.010662400000000849e-01
6.594078500000000176e-01
1.144889999999999963e+00
1.099368499999999749e+00
1.314193900000000026e+00
4.382721499999999160e-01
3.614181599999999883e-01
3.024507600000000962e-01
3.250280000000000391e-01
4.159752149999998982e-01
4.151410150000000576e-01
2.400559499999999902e-01
3.529916000000000720e-01
6.379477000000000064e-01
6.250634849999998632e-01
4.782462850000001042e-01
3.765804499999999555e-01
2.505801000000000278e-01
1.711170499999999650e-01
2.696023000000000724e-01
3.474921000000000260e-01
6.967899500000001023e-01
5.499661500000000425e-01
2.248941500000000149e-01
5.254054999999999698e-01
5.695785500000001278e-01
2.857786899999999464e-01
3.431285899999999556e-01
6.474224690000000670e+00
1.676196040000000220e+00
2.037113549999999940e+00
6.589570999999999623e-01
5.077580999999999900e-01
5.675992499999999996e-01
5.930707500000000909e-01
3.652815000000000367e-01
2.851952999999999849e-01
2.902721500000000621e-01
7.006869499999999196e-01
5.886216734999999423e-01
3.745923234999999907e-01
2.779424499999999520e-01
4.652591249999999401e-01
2.588536750000000053e-01
3.795120999999999634e-01
3.312748999999999833e-01
2.758705499999999367e-01
3.993029499999999343e-01
5.438428000000001816e-01
2.173016999999999865e-01
5.392213000000000145e-01
4.073874000000000106e-01
7.267881800000000059e-01
9.222466200000001280e-01
2.164038999999999824e-01
3.688622500000000581e-01
4.470117500000000410e-01
9.183910000000003460e-02
1.458938599999999586e-01
6.187067900000000620e-01
1.091086849999999941e+00
3.465193000000000301e-01
4.144378999999999702e-01
3.675247999999999848e-01
4.514202000000001047e-01
8.361933999999999756e-01
2.679211000000000786e-01
6.502419000000000393e-01
8.293933350000000093e-01
4.039030350000000769e-01
8.141903200000000229e-01
6.483268199999999704e-01
4.388530000000000486e-01
4.815125000000000099e-01
2.450324999999999587e-01
4.606390000000000762e-01
5.681914500000000423e-01
4.415424500000000307e-01
3.416190999999999534e-01
6.002400999999999431e-01
5.968892499999999268e-01
3.176319499999999962e-01
1.759235000000000104e-01
2.378352000000000521e-01
4.832720000000000904e-01
3.733250000000000735e-01
5.667865000000000819e-01
4.313630000000000519e-01
1.154799499999999979e+00
1.211739000000000122e+00
7.324944999999999373e-01
5.912184999999998691e-01
5.218364999999999254e-01
5.757180000000001741e-01
