FramewiseDisplacement
2.764225000000000154e-01
1.500719999999999277e-01
3.108299999999997523e-02
4.981299999999996148e-02
1.035410000000000497e-01
2.290130000000000776e-01
2.620799999999999796e-01
1.299154999999999616e-01
8.562049999999998828e-02
7.043200000000000849e-02
1.017325000000000312e-01
1.562949999999994899e-02
2.492850000000003396e-02
6.385100000000001885e-02
4.845099999999997326e-02
5.512349999999996419e-02
4.480649999999997135e-02
7.632849999999999357e-02
5.327099999999999891e-02
4.320999999999999147e-02
5.577150000000000163e-02
3.247049999999998549e-02
4.428300000000000985e-02
2.642250000000002236e-02
3.916949999999999599e-02
4.771199999999999053e-02
3.980349999999995697e-02
6.618399999999996508e-02
9.837249999999998773e-02
3.976549999999998142e-02
4.232049999999993456e-02
8.575399999999996914e-02
5.996200000000000141e-02
3.634850000000002662e-02
5.585000000000001769e-02
5.070049999999999557e-02
3.664450000000003815e-02
1.274575000000000014e-01
5.638449999999996243e-02
1.100032999999999844e-01
4.471810000000001756e-02
6.808950000000001113e-02
6.899049999999999627e-02
1.995070000000001911e-02
3.647820000000003005e-02
9.232329999999999703e-02
3.516890000000001681e-02
4.662929999999994302e-02
5.853699999999995018e-02
6.709950000000004799e-02
6.352080000000003002e-02
7.368000000000002325e-02
5.320429999999999604e-02
6.661879999999997803e-02
2.478529999999999622e-02
9.563239999999997853e-02
1.185152000000000011e-01
4.758400000000000130e-02
8.411079999999999945e-02
7.783740000000001491e-02
2.695200000000001761e-02
3.730170000000000707e-02
3.806069999999999592e-02
7.949430000000000385e-02
8.811029999999998863e-02
6.328450000000000741e-02
8.603060000000001262e-02
4.735190000000000926e-02
4.396629999999999289e-02
2.743210000000000440e-02
3.955329999999998569e-02
8.239660000000001427e-02
4.144420000000000742e-02
2.977829999999998672e-02
9.531789999999996932e-02
4.927379999999999954e-02
4.226389999999998620e-02
5.176589999999998970e-02
5.024640000000000356e-02
6.474909999999996224e-02
9.737379999999998259e-02
7.729720000000001034e-02
3.198359999999998704e-02
2.635340000000002680e-02
7.646699999999999331e-02
6.804077000000000042e-02
4.473197699999999222e-02
6.202355700000001387e-02
6.320250999999998953e-02
9.250051000000000800e-02
9.830861000000001848e-02
6.450901000000000551e-02
5.845856000000001357e-02
4.494740000000001234e-02
5.515774000000001065e-02
1.714041999999999996e-02
5.927800999999999210e-02
5.294607999999999259e-02
7.554736999999998870e-02
4.587649999999999367e-02
3.641087000000000490e-02
4.625061000000000450e-02
3.110411000000000425e-02
9.669999999999998042e-02
6.013956000000000857e-02
4.696210999999999441e-02
3.648719999999999741e-02
5.524062999999999890e-02
7.007230999999999876e-02
7.418818000000000634e-02
8.033483999999999070e-02
4.176440999999999487e-02
4.792524000000000783e-02
7.497289000000001424e-02
7.287272000000000194e-02
6.436325999999999159e-02
8.750407000000000324e-02
9.021824299999998964e-02
1.065773370000000220e-01
5.233887999999999735e-02
7.010844999999998883e-02
6.457860999999999463e-02
5.375360999999999334e-02
4.698217000000000365e-02
5.953578000000000342e-02
4.687913700000000128e-02
4.630962300000000809e-02
7.300748999999999433e-02
5.581563999999999276e-02
5.659707800000000205e-02
8.240820700000001109e-02
1.127664270000000024e-01
7.899684800000000839e-02
5.388313000000000130e-02
3.296001199999999687e-02
6.097594299999999773e-02
9.521144800000000408e-02
8.502394299999999072e-02
6.148727599999999349e-02
8.143065100000000667e-02
4.798054499999999251e-02
5.718637699999999657e-02
6.183722199999999725e-02
2.969119699999999903e-02
4.682591900000000751e-02
3.165499599999999775e-02
7.345241099999999523e-02
8.704758499999999677e-02
7.136044299999999563e-02
4.461234000000000033e-02
9.270544200000001289e-02
6.021102999999999872e-02
4.745542800000000089e-02
6.795338300000000609e-02
8.126510300000000520e-02
5.970640699999999607e-02
6.392458200000000756e-02
3.807186899999999430e-02
3.847701700000000224e-02
5.710292600000000524e-02
7.154479500000000824e-02
4.785196000000001282e-02
4.814755999999999897e-02
4.778100499999999445e-02
5.495705400000000518e-02
4.191239100000000023e-02
8.302101999999998705e-02
8.235382500000000550e-02
8.112133500000000275e-02
4.707835500000000228e-02
7.449435199999998591e-02
5.424133200000000321e-02
7.230639099999999764e-02
4.237067999999999390e-02
7.014935499999999657e-02
7.252919600000000411e-02
5.883040999999999965e-02
5.656453499999999912e-02
7.438088800000000611e-02
4.917269149999999034e-02
3.976025249999999567e-02
6.288923299999998884e-02
3.663808200000000237e-02
7.722203599999999390e-02
1.341924220000000056e-01
1.009083729999999818e-01
5.045871999999999857e-02
4.740129499999999607e-02
4.519802850000000788e-02
5.234320350000000455e-02
5.493176000000001002e-02
3.889583999999998709e-02
4.603931500000000426e-02
5.414766500000001148e-02
3.947130000000000777e-02
6.541778000000000870e-02
6.051244500000000498e-02
4.743496999999999297e-02
6.231050339999999466e-02
5.990364659999999203e-02
5.944632600000000766e-02
7.794669399999999693e-02
6.214139000000000468e-02
4.466947000000000279e-02
6.950588000000000599e-02
6.638138000000000372e-02
6.665077999999999281e-02
5.156657000000000601e-02
3.960169000000001577e-02
5.574548499999999740e-02
3.829783499999998841e-02
4.068540000000000351e-02
3.845640000000000169e-02
6.438673999999998399e-02
5.022686999999999985e-02
8.530855999999999162e-02
1.282795500000000199e-01
1.443685000000000107e-01
7.286914500000001016e-02
5.569420999999998012e-02
4.523966499999998447e-02
5.803923999999999889e-02
4.654156000000000265e-02
4.517038499999998652e-02
4.596741499999999758e-02
4.342157500000000392e-02
6.144222500000001697e-02
3.305095000000001643e-02
7.135319999999999163e-02
7.900279999999999803e-02
7.331365999999998884e-02
5.796393500000000809e-02
8.029236000000000706e-02
3.729646499999998005e-02
7.544040999999998554e-02
7.378323999999997218e-02
9.675625000000000198e-02
3.219675000000000314e-02
4.850610000000001032e-02
4.498051000000000132e-02
6.361765999999997867e-02
3.154686499999997951e-02
3.151991499999999558e-02
1.598900000000000321e-02
3.306803499999999563e-02
3.965433499999997807e-02
6.410882000000002467e-02
4.079397000000001272e-02
4.604159999999997421e-02
3.991564999999998309e-02
6.497274999999998191e-02
4.826010000000000716e-02
2.908734999999998405e-02
4.271659999999999346e-02
5.883989999999997278e-02
5.798994499999999414e-02
1.017864900000000072e-01
7.591713499999999670e-02
7.807798999999999989e-02
7.692635000000000445e-02
5.972685000000001188e-02
4.955505000000000326e-02
5.305070000000000618e-02
4.838056000000001688e-02
7.965065999999999813e-02
8.142614999999998882e-02
6.762665000000001037e-02
9.125340000000001228e-02
1.344656500000000199e-01
7.185804999999999276e-02
3.389094999999997526e-02
5.268754999999999272e-02
5.678890000000000327e-02
5.517375000000000057e-02
4.571574999999997863e-02
4.939169999999998978e-02
7.647474999999998024e-02
5.455270000000002339e-02
7.592660000000001075e-02
7.123743000000001824e-02
8.554023000000000876e-02
4.982899999999999829e-02
6.452229000000000991e-02
6.942699000000000786e-02
4.075847999999998583e-02
4.326615000000001710e-02
7.206245000000000012e-02
5.385985999999996776e-02
7.856148000000001685e-02
6.409720000000003470e-02
5.349371499999996254e-02
5.765545500000000823e-02
8.894597000000001308e-02
6.888578999999998842e-02
4.118061999999995948e-02
6.630591999999999042e-02
6.950591999999999882e-02
5.479300000000001530e-02
6.733945469999999545e-02
