FramewiseDisplacement
1.260439499999999935e+00
6.319854999999999778e-01
5.107429999999997250e-01
3.141545000000000032e-01
2.368959999999999400e-01
3.240724999999998746e-01
6.786054549999999130e-01
1.104766954999999884e+00
6.167337500000001915e-01
2.089688500000000948e-01
2.699567499999999121e-01
2.101311500000001553e-01
4.268355500000000080e-01
3.241709000000002616e-01
5.002695999999997589e-01
2.863666000000000267e-01
1.772813499999999209e-01
3.320157999999998610e-01
3.540024450000000544e-01
1.933188550000000672e-01
1.271210500000001797e-01
4.935844000000000342e-01
3.380978499999999221e-01
2.719092000000000175e-01
6.737329000000000789e-01
6.781659999999998245e-01
4.981700000000001127e-01
3.605974499999999860e-01
1.065553000000000056e-01
2.745331000000001964e-01
3.036785999999999652e-01
3.601364000000001897e-01
2.593737350000001607e-01
3.354860649999999445e-01
4.305514500000000577e-01
6.349691000000002861e-01
6.506126999999999327e-01
4.502628500000001033e-01
4.800116000000000938e-01
2.602576999999998142e-01
3.335572499999999163e-01
4.809688000000000851e-01
1.988294999999999646e-01
1.459521999999999209e-01
1.795242999999999978e-01
2.247104500000001170e-01
1.342471500000000373e-01
1.122500000000000997e-01
4.008848999999999885e-01
3.721308000000000393e-01
4.645439000000001206e-01
2.720208500000001473e-01
4.729601000000001054e-01
2.307687050000000739e-01
1.911144550000000164e-01
3.800471000000000821e-01
3.132841000000001208e-01
2.870721000000000522e-01
5.681012999999998092e-01
5.382491999999998722e-01
3.684794500000002082e-01
2.039025499999999602e-01
1.884447000000000205e-01
4.767614999999999492e-01
3.337232500000001378e-01
3.710636999999999963e-01
4.265481999999999885e-01
6.080118599999999596e-01
3.676920400000000533e-01
5.915207499999999285e-01
3.370680000000001453e-01
7.426426999999997669e-01
4.308615499999999265e-01
4.397916899999999574e-01
3.156241100000001243e-01
1.821514700000000375e-01
1.593172199999999539e-01
1.618227999999999889e-01
2.463227999999999807e-01
2.848054999999999337e-01
2.794193200000000266e-01
5.974189799999999329e-01
3.300469000000000874e-01
6.105122299999998781e-01
5.491367299999999618e-01
3.238716450000000413e-01
2.761332049999999927e-01
2.448531999999999653e-01
5.600965500000000263e-01
7.775329500000000005e-01
9.485594499999999707e-01
2.877574999999999994e-01
5.948083500000000967e-01
4.218080499999998789e-01
6.057116800000000856e-01
6.331043800000000221e-01
1.138779299999999939e+00
1.316116850000000005e+00
4.490947000000000133e-01
2.254739999999999800e-01
1.101367000000000179e-01
1.952673500000000062e-01
2.399963900000000594e-01
1.234851600000000105e-01
1.542029699999999670e-01
2.520374999999999699e-01
8.517830000000001234e-02
2.605287999999999493e-01
2.089959000000000677e-01
2.359361500000000111e-01
8.805820000000003089e-02
1.915289500000000311e-01
2.261414800000000058e-01
3.841503800000000135e-01
3.374567000000000538e-01
3.246156200000000491e-01
4.090373700000000112e-01
3.780065000000000230e-01
1.460199000000000080e-01
3.521459500000000409e-01
5.142104899999999645e-01
3.086599899999999397e-01
5.064399599999999113e-01
2.147769299999999770e-01
3.124691299999999838e-01
2.778329899999999464e-01
1.789506899999999678e-01
2.160516899999999907e-01
1.477064900000000236e-01
2.614985000000000226e-01
4.580067999999999917e-01
3.955797200000000791e-01
1.508331100000000202e-01
1.877411099999999888e-01
1.151387100000000052e-01
1.396862599999999788e-01
2.176503199999999805e-01
2.268741499999999967e-01
3.290202999999999878e-01
3.481526699999999974e-01
2.221691450000000123e-01
1.865210249999999792e-01
3.014794399999999874e-01
2.411565214999999984e-01
3.539948815000000248e-01
3.200556000000000512e-01
3.749129350000000027e-01
3.727136049999999479e-01
2.008844854999999596e-01
1.143153525000000087e-01
1.241625330000000055e-01
1.715581550000000177e-01
1.739603499999999858e-01
1.521003429999999990e-01
1.675208569999999952e-01
2.504488000000000270e-01
4.380407999999999524e-01
2.021534999999999860e-01
3.735045000000000170e-01
4.759547499999999265e-01
4.912606499999998544e-01
3.546591900000000130e-01
2.309260950000000256e-01
1.593614499999999601e-01
1.878832600000000241e-01
1.238517049999999786e-01
1.257844399999999974e-01
3.514928400000000286e-01
3.964759000000000477e-01
1.827965000000000007e-01
5.882002499999998690e-01
5.776358000000000326e-01
3.733620000000000827e-01
2.906579000000000246e-01
3.064681300000000053e-01
1.964668499999999984e-01
5.481661799999999474e-01
7.232136500000000412e-01
2.803145900000000301e-01
3.136107899999999726e-01
2.516477500000000589e-01
7.639882000000000062e-01
6.027379999999998850e-01
4.336125999999999592e-01
1.550406000000000284e-01
3.093233000000000232e-01
2.306975000000000275e-01
1.454597000000000251e-01
2.665800999999999865e-01
4.083828000000000458e-01
3.066817199999999910e-01
2.366855699999999840e-01
5.523831499999999339e-01
4.036609500000000184e-01
3.161558499999999605e-01
2.783937000000000217e-01
5.592917000000000582e-01
4.301921050000000468e-01
4.878071550000000478e-01
6.081924200000000669e-01
5.087569400000000464e-01
2.910002500000000158e-01
3.025628000000000206e-01
2.860368499999999536e-01
4.033493999999999691e-01
3.992790999999999979e-01
3.514666999999999653e-01
4.476129999999999831e-01
5.162520000000000442e-01
4.980184949999999500e-01
3.891313049999999829e-01
2.980330500000000216e-01
7.381616700000001030e-01
5.718258699999999584e-01
5.508198850000000091e-01
6.110928849999999191e-01
7.690105999999999886e-01
4.727566500000000005e-01
1.212818349999999823e+00
6.088890000000001246e-01
2.649077000000000237e-01
2.100581000000001364e-01
2.456014999999999726e-01
3.222328399999999649e-01
5.398196400000000450e-01
3.670623000000000635e-01
5.599392499999999995e-01
5.221934999999999771e-01
5.172729999999999828e-01
4.720936000000000021e-01
5.801109500000001251e-01
5.316308510000000709e-01
2.177800009999999453e-01
1.880280999999999481e-01
4.213157999999999626e-01
3.094259999999998678e-01
5.253476000000000257e-01
7.682238400000001022e-01
8.238603400000000798e-01
9.301002999999999910e-01
6.395738999999999175e-01
1.030346500000000054e+00
5.912329000000000612e-01
9.874134999999998330e-01
6.145371000000000583e-01
6.207760550000001043e-01
4.331434549999999550e-01
3.916316200000002357e-01
2.607542800000001160e-01
5.629951999999998069e-01
2.221210000000001239e-01
2.652976999999999141e-01
6.216000999999999888e-01
6.635787799999999237e-01
2.954827199999999765e-01
2.781519999999998438e-01
3.756799999999998474e-01
6.104793999999998944e-01
4.685968999999998164e-01
1.100777550000000105e+00
1.177458050000000256e+00
5.914823000000001274e-01
7.147252000000001715e-01
7.377762000000001041e-01
4.666908999999997976e-01
5.489829999999997767e-01
8.768358000000001651e-01
1.497283400000000986e-01
8.409731599999999974e-01
4.064292999999998268e-01
4.361025800000000174e-01
6.736141800000002844e-01
2.015326999999998148e-01
4.045796000000000947e-01
4.385285000000000988e-01
1.472613999999999035e-01
3.029693000000004965e-01
5.915973000000003257e-01
5.728290999999999800e-01
2.118636000000001796e-01
4.005659999999998666e-01
4.693679999999998409e-01
1.048837000000000019e+00
8.728900000000000547e-01
9.108514999999998141e-01
4.999358999999999886e-01
3.272379000000003035e-01
2.047714999999999952e-01
3.363558999999999855e-01
6.328370000000000939e-01
9.775023999999999935e-01
7.213525999999997884e-01
1.147823800000000283e+00
7.414048000000001970e-01
7.305335389999999540e-01
6.524405610000000300e-01
2.456603000000001091e-01
3.004371000000004011e-01
2.652018000000000431e-01
