FramewiseDisplacement
4.161109299999999900e-01
1.772728299999999924e-01
7.234801000000001814e-02
1.260796899999999943e-01
7.209938999999998543e-02
3.449517999999995865e-02
6.171665999999997182e-02
6.944567000000000101e-02
4.976224999999996623e-02
6.104365999999997877e-02
4.345315000000000982e-02
3.757140000000001867e-02
4.179620000000000557e-02
1.371565000000000145e-01
1.012529999999999819e-01
3.690719999999998030e-02
8.908520000000000327e-02
4.730660000000001808e-02
5.248360000000000525e-02
8.851140000000001784e-02
1.017908000000000146e-01
9.748259999999997483e-02
3.460450000000003801e-02
1.184811000000000475e-01
8.530660000000002408e-02
1.349186000000000552e-01
7.978849999999998444e-02
1.005769999999999997e-01
1.785190999999999861e-01
1.356431999999999916e-01
7.671579999999995902e-02
1.661059000000000008e-01
2.452827000000000202e-01
2.960131999999999763e-01
2.366719000000000184e-01
2.480433999999999695e-01
2.268988000000000116e-01
1.395665999999999851e-01
1.604370000000000449e-02
1.655330000000000135e-01
2.039601000000000053e-01
9.037929999999996800e-02
2.745139999999998692e-02
7.380530000000000423e-02
3.563569999999999238e-02
1.728949999999999376e-01
2.000413999999999803e-01
1.351496999999999837e-01
4.123890000000002276e-02
1.137947000000000125e-01
4.357280000000000181e-02
6.879670000000000230e-02
4.333580000000002153e-02
6.672860000000002678e-02
7.082890000000001407e-02
4.886069999999999997e-02
5.310710000000000430e-02
3.859530000000000599e-02
5.770780000000003129e-02
4.933050000000001323e-02
9.022699999999998777e-02
4.993049999999998184e-02
3.212509999999999671e-02
5.438449999999996065e-02
6.433209999999996154e-02
6.842240000000000821e-02
6.195579999999999143e-02
4.950459999999998889e-02
2.461470000000002406e-02
5.010079999999999395e-02
1.135175499999999810e-01
8.588134999999999519e-02
2.026005999999999641e-01
1.951979000000000075e-01
1.197388499999999800e-01
2.718958499999999945e-01
1.372824500000000003e-01
6.161395000000002148e-02
5.238800000000000401e-02
8.392679999999996809e-02
5.562670000000000115e-02
5.553500000000000103e-02
1.472688999999999804e-01
8.857730000000001158e-02
4.408169999999997368e-02
6.037440000000000168e-02
5.452759999999999552e-02
1.039082399999999851e-01
6.521332000000001905e-02
5.031982000000002897e-02
8.149637000000002629e-02
5.085088000000001496e-02
3.662583999999999285e-02
2.194541000000000547e-02
3.844713999999998383e-02
6.001116000000001477e-02
7.590510000000001700e-02
3.048315000000000052e-02
9.105785000000002349e-02
5.917130000000002388e-02
7.206545000000001699e-02
4.009009599999999174e-02
3.955049600000002524e-02
5.968356500000000786e-02
6.290710500000001870e-02
5.989914000000001043e-02
1.037869800000000009e-01
5.443728000000001843e-02
2.528591000000000172e-02
4.706035000000000079e-02
3.624130000000000407e-02
6.806478000000000528e-02
7.849483000000000155e-02
9.127039999999998765e-02
1.124532999999999783e-01
8.988948000000000771e-02
7.964013000000000342e-02
9.353362000000001175e-02
3.632033999999999263e-02
5.697900000000001575e-02
9.028371000000000313e-02
1.712803800000000098e-01
4.234228999999999771e-02
5.799345000000000194e-02
6.928919499999999787e-02
7.392047000000000201e-02
4.290277999999999453e-02
6.087033000000000027e-02
7.692182355000000415e-02
1.357062735500000339e-01
1.409934600000000149e-01
1.179667250000000084e-01
1.096577999999999858e-01
6.104767999999999306e-02
9.016630200000000372e-02
4.918434800000000273e-02
9.823328500000000352e-02
3.994689650000000231e-02
4.239036150000000114e-02
6.576775499999999719e-02
6.847557499999999686e-02
1.953296000000000199e-02
5.675482500000000180e-02
6.310425000000001450e-03
4.764821999999999808e-02
5.911098499999999784e-02
2.528731499999999771e-02
5.087880999999999654e-02
5.369012499999999133e-02
6.711675000000000280e-02
4.794301200000000013e-02
1.084212259999999955e-01
1.044910669999999930e-01
3.952287499999999898e-02
8.271037000000000527e-02
7.836049499999998835e-02
3.030679999999999485e-02
2.248638299999999868e-01
4.770229999999999609e-02
4.086029999999998830e-02
1.418809000000000042e-01
4.196243000000000195e-02
9.116553999999998936e-02
6.208385000000000292e-02
1.111820300000000150e-01
4.641074999999999368e-02
1.554771500000000084e-01
2.426401499999999989e-01
3.059767600000000143e-01
1.293890650000000253e-01
4.121765500000001275e-02
7.561737999999998405e-02
1.309633299999999889e-01
1.584572499999999939e-01
5.529730400000001239e-02
5.703760400000000563e-02
7.240441000000000238e-02
9.763854000000000977e-02
2.772824000000000400e-01
1.514463600000000021e-01
1.859009100000000025e-01
7.745775000000001964e-02
9.375996500000000067e-02
5.315586500000002435e-02
1.473362650000000218e-01
1.143264250000000232e-01
6.175896499999999206e-02
8.221771500000001065e-02
9.200491000000002306e-02
1.144325199999999959e-01
1.651852699999999952e-01
1.547005199999999803e-01
1.135754699999999978e-01
4.113375799999999943e-02
5.027474799999998717e-02
9.655511999999998041e-02
9.111104999999998511e-02
2.965573499999999973e-01
1.516657499999999881e-01
9.043727999999998102e-02
4.144973999999998493e-02
5.123968999999998358e-02
4.611430999999999170e-02
7.494245999999998853e-02
4.624790000000000845e-02
4.398590000000002220e-02
7.744190000000000795e-02
1.068020500000000095e-01
1.844127500000000419e-01
8.858930000000002358e-02
9.515264999999999140e-02
2.273959999999999870e-02
3.629268499999999675e-01
1.788373500000000060e-01
7.506979999999999209e-02
1.333984500000000295e-01
1.909170499999999771e-01
2.230638000000000065e-01
1.494274499999999617e-01
1.851191499999999823e-01
7.189254999999998563e-02
2.109620999999999857e-01
1.380913499999999738e-01
1.109154499999999849e-01
4.967855000000003657e-02
7.690460000000001739e-02
1.637777499999999997e-01
2.637586999999999571e-01
2.401741000000000015e-01
7.628669999999995732e-02
9.767430000000001944e-02
6.365419999999998024e-02
8.733159999999998147e-02
5.705700000000002436e-02
6.687254999999997507e-02
6.891850000000002141e-02
1.102796499999999791e-01
5.067357999999998197e-02
4.064907500000002061e-02
1.140176100000000192e-01
1.310322449999999916e-01
1.207889499999999922e-01
6.353584999999999094e-02
1.144233999999999807e-01
5.170873000000006381e-02
6.983617500000004197e-02
1.589006050000000281e-01
1.255862000000000089e-01
1.896000500000000200e-01
2.277507500000000018e-01
1.311687000000000269e-01
4.689254999999996343e-02
1.092145999999999395e-01
9.358500999999996850e-02
6.328847000000004108e-02
6.551440599999995562e-02
1.172018330000000053e-01
1.683490220000000148e-01
8.121542199999998157e-02
6.494878100000001098e-02
1.099907900000000327e-01
7.137725000000001707e-02
8.901784999999998171e-02
9.005154999999999410e-02
3.102850499999999512e-01
2.139940450000000216e-01
1.684971850000000215e-01
8.471808000000002892e-02
4.310953999999997399e-02
6.380294000000000243e-02
2.093570700000003254e-02
4.260615300000001465e-02
7.440988000000002545e-02
8.528270000000001683e-02
1.086617999999999751e-01
1.800864999999999549e-01
7.195199999999997431e-02
1.514457999999999638e-01
1.882243999999999584e-01
1.532018500000000005e-01
1.148386250000000136e-01
5.821067499999995482e-02
1.054249500000000034e-01
2.250477999999996037e-02
4.427943999999998242e-02
5.502914000000003886e-02
1.833766699999999916e-01
1.405978499999999687e-01
1.276234999999999731e-01
2.042896500000000171e-01
1.181785649999999993e-01
2.906018149999999856e-01
1.115155499999999911e-01
3.870745999999999909e-01
1.346410500000000954e-01
1.123440100000000497e-01
1.000391099999999867e-01
3.210965000000001041e-02
6.286238999999997634e-02
