FramewiseDisplacement
3.561944999999999140e-01
1.391825000000000145e-01
1.317450000000003063e-01
2.781144999999998202e-01
2.054539999999999700e-01
1.009385000000000282e-01
1.645369999999998778e-01
2.050195000000003265e-01
9.612699999999985145e-02
1.793519999999998171e-01
2.345495000000002161e-01
2.965519999999999823e-01
2.723775000000001612e-01
2.227179999999998883e-01
2.198244999999998672e-01
1.794535000000002378e-01
1.408534999999997983e-01
4.849549999999999000e-02
2.051605000000000512e-01
8.208350000000000368e-02
3.278499999999998082e-01
3.576549999999999452e-01
3.983090000000000797e-01
1.855760000000000465e-01
1.782555000000000389e-01
3.801505000000000023e-01
3.406029999999998781e-01
3.698439999999998951e-01
1.908704999999999985e-01
1.837670000000000414e-01
1.055568000000000617e-01
2.481997999999999427e-01
4.027904999999998847e-01
3.966219999999999191e-01
2.728889999999999927e-01
9.734419999999993633e-02
2.354661999999999034e-01
2.695032000000000538e-01
2.550149000000000998e-01
1.926796000000000064e-01
4.251689999999996861e-02
1.333621000000000389e-01
6.596869999999997736e-02
1.177934999999999399e-01
1.659463999999999939e-01
1.581744999999999957e-01
7.237240000000007278e-02
8.612459999999991234e-02
1.066449999999999898e-01
3.417108999999999841e-01
3.317292999999999492e-01
1.524850000000000372e-01
3.384311500000000139e-01
5.337194499999999842e-01
1.817470999999999948e-01
2.796602499999999436e-01
1.117226499999999650e-01
7.830394999999996941e-02
1.373590150000000010e-01
2.098522649999999823e-01
2.642350499999999158e-01
1.774922999999999917e-01
4.687065000000002757e-02
5.944860000000001810e-02
1.124722999999999834e-01
1.215399500000000077e-01
1.463233499999999909e-01
8.458689999999999265e-02
1.682020999999999933e-01
2.771055000000000046e-01
1.849346699999999677e-01
1.088055699999999765e-01
9.150924999999997256e-02
1.399021500000000029e-01
6.479430000000004075e-02
1.900243999999999267e-01
5.866556299999996921e-02
2.790347869999999508e-01
3.157653499999999447e-01
3.099117500000000414e-01
3.232058000000000431e-01
2.481106000000000145e-01
9.553965000000003149e-02
1.579486081500000028e-01
2.452102581500000267e-01
8.589390000000002301e-02
3.678365815000000233e-02
2.894016918499999758e-01
3.490262918500000033e-01
2.151390218500000562e-01
8.400077999999996936e-02
9.227841999999999989e-02
1.226812700000000089e-01
1.414384000000000197e-01
1.194446999999999870e-01
4.121679999999999788e-02
1.377768500000000063e-01
1.966676500000000272e-01
1.657197000000000253e-01
8.588120000000000476e-02
1.341590500000000019e-01
1.841825500000000004e-01
2.546307499999999613e-01
9.540359999999994955e-02
1.182255500000000126e-01
1.941117599999999666e-01
3.341907150000000271e-01
4.360806049999999545e-01
2.650593999999999451e-01
2.308654499999999721e-01
2.067595500000000142e-01
1.530278350000000009e-01
1.322055349999999851e-01
4.345827500000000732e-01
3.763868000000000213e-01
9.744504999999999140e-02
2.286522199999999894e-01
2.801352300000000128e-01
3.417485000000000106e-01
2.057104000000000155e-01
2.995672500000000071e-01
2.650002500000000483e-01
1.016121000000000246e-01
7.673640999999997714e-02
1.001706600000000086e-01
1.151499999999999885e-01
9.150729999999999975e-02
2.865391499999999647e-01
3.547882499999999717e-01
3.397713999999999457e-01
3.172348000000000390e-01
3.288791999999999272e-01
3.479718400000000322e-01
2.083178899999999778e-01
1.927008000000000054e-01
2.296313999999999855e-01
1.794910900000000198e-01
1.824684649999999964e-01
2.090239900000000206e-01
1.859550999999999565e-01
1.315862650000000078e-01
1.567809999999999759e-01
1.069579999999999975e-01
6.314480000000000093e-02
2.181433999999999873e-01
2.578413299999999797e-01
2.310812050000000117e-01
1.413742050000000028e-01
1.215809200000000090e-01
3.936735050000000902e-02
6.743195450000000202e-02
1.402360950000000051e-01
1.766354249999999848e-01
1.699861000000000011e-01
6.935737999999999626e-02
1.192273849999999913e-01
1.122822999999999877e-01
1.061314999999999897e-01
8.191016999999997661e-02
2.263112700000000088e-01
3.239700500000000094e-01
1.969988500000000031e-01
1.701234499999999816e-01
2.192158499999999621e-01
2.440492800000000073e-01
2.029315000000000146e-01
1.854632700000000134e-01
1.982143500000000114e-01
1.897425499999999821e-01
9.963168000000000024e-02
4.382549000000002248e-02
9.356053000000000286e-02
1.855549899999999752e-01
2.538161800000000023e-01
1.531715000000000160e-01
1.527178000000000146e-01
2.247144999999999837e-01
1.924874000000000307e-01
3.133163500000000212e-01
2.587133500000000086e-01
2.249790499999999860e-01
1.916816499999999812e-01
1.807201999999999975e-01
1.671379500000000073e-01
1.869649500000000186e-01
1.921539999999999637e-01
2.281324999999999881e-01
1.870417500000000066e-01
6.285083799999999221e-02
1.615848619999999680e-01
1.623884400000000228e-01
8.520004000000003241e-02
1.468746499999999955e-01
1.269858999999999849e-01
1.989115500000000203e-01
2.317197000000000007e-01
2.392672999999999883e-01
2.071775600000000106e-01
1.193423600000000084e-01
8.383790000000000686e-02
4.263830000000001091e-02
5.944830000000003722e-02
8.817664999999998143e-02
8.720844999999999292e-02
9.715200000000000224e-02
2.235181500000000265e-01
3.275087099999999807e-01
2.263355600000000467e-01
1.627875000000000016e-01
1.490085500000000174e-01
8.750814999999996513e-02
1.627093500000000303e-01
8.100389999999992041e-02
1.766680000000000472e-01
7.427180000000002669e-02
3.236470699999999812e-01
4.177704300000000259e-01
2.094705000000000039e-01
2.031650000000000400e-01
8.652750000000002384e-01
2.702289999999999970e-01
3.405350000000000876e-01
3.364226999999999079e-01
1.925378000000000367e-01
1.684063999999999561e-01
2.025876000000001176e-01
9.374200000000007527e-02
2.356058000000000596e-01
1.921562999999999743e-01
1.420790999999999860e-01
1.208836000000000632e-01
3.095699999999994290e-02
1.197909999999999531e-01
2.272113999999999523e-01
2.623377999999998988e-01
1.499964999999999771e-01
1.471447999999999368e-01
1.394080600000000281e-01
2.245957600000000332e-01
2.168732000000000437e-01
1.202723000000000264e-01
1.271279000000000714e-01
8.537680000000001657e-02
1.002521999999999441e-01
1.125801000000000440e-01
1.633424999999999183e-01
2.747715000000000574e-01
1.745444999999999913e-01
3.394034999999999691e-01
2.323805000000000454e-01
2.947685000000000444e-01
2.556464999999999987e-01
3.051821000000000117e-01
4.886397999999999020e-01
3.965154499999999915e-01
3.087276500000000756e-01
6.152949999999998004e-02
1.168130000000000002e-01
8.848049999999998971e-02
1.540834999999999844e-01
1.538969999999999783e-01
1.313399999999999845e-01
1.991605000000000458e-01
6.625720000000000498e-01
6.726503999999999817e-01
1.419771000000000505e-01
2.520247999999999378e-01
3.182841500000000989e-01
2.832669999999999355e-01
2.793047999999999087e-01
3.089301999999999326e-01
1.159258499999999970e-01
2.660676000000000707e-01
2.602831000000001005e-01
1.387316000000000660e-01
6.560745000000002547e-02
2.870172500000000015e-01
2.473789999999999323e-01
4.371281499999999931e-01
4.410704499999999473e-01
1.901572000000000262e-01
7.905370000000008779e-02
1.048554000000000153e-01
1.792120499999999561e-01
2.366462500000000024e-01
1.981545499999999571e-01
1.172663499999999637e-01
3.061003999999999392e-01
2.340514999999999679e-01
7.316050000000005882e-02
2.668135000000000367e-01
2.455035000000000134e-01
7.248349999999997850e-02
1.054159999999999542e-01
3.525466999999999906e-01
2.931721999999998829e-01
3.206539999999999946e-01
2.783344999999999847e-01
1.643804999999999572e-01
