FramewiseDisplacement
6.138365000000001181e-01
1.753209999999998658e-01
1.852739999999997444e-01
8.003949999999949994e-02
1.784694999999999476e-01
1.012974999999997766e-01
5.572899999999995913e-02
9.004949999999994903e-02
8.540249999999981190e-02
5.199300000000041388e-02
8.838350000000086415e-02
9.676400000000048851e-02
2.251019999999997190e-01
4.914235000000006237e-01
5.977025000000009136e-01
5.359305000000000874e-01
3.396850000000002368e-01
1.401475000000003135e-01
1.505395000000002703e-01
1.733909999999999618e-01
1.214344999999995567e-01
1.625110000000000443e-01
2.336484999999997592e-01
1.174775000000001651e-01
8.661100000000032662e-02
1.159925000000001094e-01
1.869795000000000762e-01
7.560350000000050363e-02
2.269895000000006768e-01
6.729699999999998183e-02
8.053800000000022052e-02
9.008949999999957270e-02
1.200855000000001782e-01
6.137049999999989736e-02
9.731399999999992834e-02
1.066594999999999904e-01
4.583099999999996899e-02
1.013649999999996498e-01
7.251599999999941426e-02
1.301029999999997189e-01
1.404034999999996813e-01
2.147079999999998434e-01
9.296150000000040492e-02
1.977359999999993845e-01
2.242549999999994825e-01
1.300579999999996461e-01
9.916449999999994713e-02
2.535495000000002053e-01
2.367560999999999805e+00
1.651795100000000183e+00
2.429665999999996717e-01
1.524624999999997232e-01
1.953704999999998360e-01
1.107679999999997278e-01
1.971719999999997086e-01
5.865650000000015296e-02
1.806474999999999331e-01
2.148240000000001537e-01
1.111314999999998276e-01
3.388795000000000002e-01
1.191139999999999283e-01
2.951639999999999264e-01
5.135599999999969356e-02
8.780899999999999817e-02
1.208339999999997749e-01
2.248159999999999326e-01
1.141054999999999015e-01
1.219830000000002579e-01
2.801884000000001151e-01
1.990029000000001491e-01
9.414749999999995345e-02
1.871349999999999958e-01
2.003670000000004614e-01
1.416160000000002694e-01
1.737460000000003446e-01
6.999960000000018945e-02
2.211781000000000441e-01
1.809206999999997678e-01
1.415379999999999971e-01
1.332760000000003664e-01
8.002700000000034786e-02
2.287700000000029640e-02
9.961149999999974192e-02
1.069004999999999261e-01
7.392280000000012175e-02
7.255120000000006564e-02
8.743599999999984718e-02
1.589540000000000397e-01
4.849500000000011440e-02
4.769800000000027490e-02
2.302375999999999312e-01
4.490320999999999341e-01
6.516474000000002098e-01
1.765042300000000175e+00
1.271041160000000003e+00
7.242914599999999981e-01
2.885479499999999420e-01
7.418004999999999738e-02
2.371074999999999156e-01
2.072842500000000032e-01
2.132382500000000736e-01
4.416987999999997805e-01
2.927082500000000032e-01
1.175990999999998871e-01
1.696132500000001042e-01
2.369116999999999751e-01
1.591402999999999845e-01
1.963197000000000414e-01
2.195670000000000677e-01
2.806757999999998088e-01
5.685179999999999678e-01
4.092749000000001081e-01
1.273466499999998669e-01
1.075475299999999884e-01
1.589554390000000039e-01
3.667081309999999927e-01
3.248341099999998982e-01
1.596190600000000348e-01
1.536868499999998472e-01
1.958672249999998949e-01
1.045287250000000723e-01
1.395491000000000648e-01
1.769608299999999856e-01
5.707135199999999742e-01
5.267965999999999482e-01
4.080596500000000515e-01
4.106176500000001672e-01
2.451208899999998969e-01
1.740174099999999557e-01
1.503817000000000348e-01
1.461826000000000236e-01
1.250637000000000554e-01
3.846199999999984354e-02
3.864412000000000957e-01
1.364047699999999808e-01
2.160326300000000588e-01
1.690674999999999262e-01
2.150722500000001036e-01
1.892522800000001615e-01
2.828795700000000246e-01
1.063219050000000054e+00
1.605486499999999817e+00
4.444007000000000929e-01
1.362584500000000032e-01
1.866051499999999974e-01
9.307411999999999630e-02
1.480593150000000247e-01
2.059180850000000007e-01
5.706254999999998967e-02
1.439644405000000127e-01
1.364052635000000124e-01
2.309781049999999891e-01
2.508630800000000161e-01
2.762183250000000423e-01
7.706824000000001007e-02
1.868360450000000339e-01
1.654541404999999854e-01
1.468151555000000164e-01
2.060744850000000294e-01
1.414660500000000098e-01
1.402544000000000013e-01
1.531650999999999985e-01
1.694162999999999919e-01
1.976587499999999942e-01
1.229212999999999834e-01
1.041781500000000110e-01
7.592379999999999962e-02
9.936930000000000762e-02
1.020721999999999879e-01
5.311319999999999930e-02
1.024127999999999983e-01
3.213830000000000853e-02
1.466063000000000227e-01
1.481678999999999635e-01
1.058454000000000061e-01
7.992665000000000186e-02
1.462082000000000659e-01
6.207850000000002949e-02
6.789700000000004065e-02
8.512184999999998503e-02
1.595128500000000116e-01
2.024537000000000142e-01
1.180531500000000095e-01
1.340384999999999771e-01
2.550810999999999495e-01
2.949723000000000761e-01
1.700046499999999794e-01
6.065099999999999658e-02
1.600703500000000279e-01
2.817482500000000334e-01
2.643970999999999960e-01
1.855706000000000855e-01
1.264723000000000375e-01
2.081567999999999752e-01
2.296495000000000619e-01
1.489187999999999901e-01
1.735604499999999495e-01
2.151943999999999524e-01
4.486247999999999347e-01
2.299198500000000089e-01
2.005995999999999613e-01
1.317344500000000307e-01
1.455539499999999875e-01
3.014072500000000709e-01
2.382429000000000630e-01
1.677661999999999765e-01
2.432173000000000529e-01
1.900045500000000775e-01
3.057080999999999826e-01
3.203180999999999390e-01
3.028893500000000016e-01
2.127803999999999529e-01
9.531974999999998088e-02
6.828884999999998429e-02
5.100413999999998671e-01
3.853625000000000522e-01
4.969523000000000135e-01
2.055570500000000467e-01
1.982006999999998964e-01
2.673235999999999946e-01
1.250558500000000239e-01
2.380935500000000149e-01
1.625472500000000875e-01
3.702166000000000068e-01
2.605938500000000713e-01
1.963347499999998913e-01
1.291594999999999271e-01
2.436564999999999703e-01
9.693180000000004015e-02
1.980303499999998829e-01
2.116519499999999776e-01
1.593740000000000434e-01
2.393840000000000412e-01
3.190134999999999499e-01
2.623739999999999406e-01
8.612045000000007056e-02
1.139674500000000534e-01
3.413914999999999589e-01
1.874615000000000309e-01
3.888759999999997219e-01
5.369224999999998582e-01
2.150379999999998959e-01
4.376764999999999128e-01
1.541929999999999967e-01
2.383634999999999504e-01
1.127555000000000085e-01
1.991200000000000470e-01
6.020239000000001672e-01
1.476094700000000204e+00
1.293123250000000057e+00
3.386884000000000006e-01
1.797646499999999981e-01
2.837201500000000598e-01
2.774479510000000260e-01
1.079527990000000159e-01
2.671772000000000591e-01
2.497535999999999368e-01
9.139078500000009930e-02
1.298625350000000012e-01
2.524179999999998647e-01
8.304839500000000818e-01
6.280339000000000338e-01
2.642098999999997755e-01
2.217550999999999273e-01
2.584381000000001705e-01
1.442618999999998042e-01
2.200380000000000946e-01
7.534254999999998592e-01
5.697540000000000937e-01
3.808415999999998358e-01
2.844607999999999581e-01
5.122273000000000520e-01
5.592203000000000035e-01
1.991270999999999736e-01
3.426661999999999209e-01
3.092472000000000554e-01
1.828215999999999730e-01
2.019117000000001105e-01
2.115039000000001057e-01
1.591879000000001321e-01
4.770969999999993133e-02
4.260018999999999889e-01
4.927808999999999662e-01
3.061502000000000945e-01
2.933023999999999631e-01
1.067279049999999785e+00
7.527753000000001471e-01
2.277789499999998968e-01
3.125028000000001360e-01
1.438375999999997323e-01
2.639863000000001736e-01
7.645910999999999680e-01
6.417692000000000396e-01
5.446094999999998576e-01
1.224860000000001226e-01
4.101105999999999918e-01
3.801550999999999125e-01
1.221074999999999522e-01
2.459249999999999770e-01
