FramewiseDisplacement
3.040566499999999284e-01
2.919156499999999710e-01
2.418947000000000458e-01
1.341655000000000764e-01
1.359675499999999648e-01
1.331175499999999456e-01
1.337900000000000200e-01
2.403347000000000122e-01
1.757196000000000036e-01
1.190839499999999523e-01
1.440167500000000822e-01
1.671622500000000677e-01
2.368281499999999595e-01
1.908200500000000188e-01
2.765932999999999864e-01
1.590040100000000289e-01
7.702066000000001855e-02
1.351499899999999699e-01
1.411408499999999844e-01
1.652782699999999494e-01
1.973163099999999948e-01
4.074345499999999509e-01
1.715752000000000388e-01
2.024891999999999526e-01
1.800125849999999472e-01
1.854160650000000465e-01
1.223604999999999554e-01
1.323961999999999639e-01
1.510105000000000197e-01
2.040174499999999336e-01
4.367821499999999801e-01
4.784440999999999833e-01
3.414631999999999667e-01
1.925293700000000607e-01
1.791592300000000859e-01
2.915650999999999660e-01
1.620154000000000039e-01
1.653231999999999480e-01
3.112429049999999586e-01
2.847652950000000294e-01
6.834247999999999434e-01
2.647636999999999907e-01
2.092535000000000922e-01
3.743130000000000068e-01
2.833324999999999316e-01
2.210239999999999982e-01
2.020365999999999551e-01
3.938544000000000489e-01
1.015868949999999993e+00
6.894358500000000722e-01
2.512117000000000377e-01
1.916394999999999904e-01
1.180478000000000083e-01
8.750559999999991956e-02
7.486949999999999161e-02
2.124510000000000287e-02
3.164609999999999368e-01
3.336990000000000234e-01
1.133360000000000062e-01
4.377718999999999361e-01
1.977669000000000787e-01
1.764322999999999864e-01
1.577222000000000068e-01
9.009879999999995115e-02
1.266417999999998600e-01
1.561683000000000099e-01
1.689916000000000196e-01
9.228640000000003230e-02
2.781592999999999427e-01
3.352290999999998911e-01
3.508464999999998946e-01
1.812170000000000447e-01
3.077520000000000255e-01
1.768970000000000542e-01
1.744308999999999443e-01
3.600424999999998765e-01
4.640756000000000325e-01
2.137170000000000736e-01
5.982863000000001596e-01
2.298278000000000265e-01
2.387527000000000399e-01
3.186700000000000088e-01
3.337093000000000420e-01
1.468290999999998792e-01
9.668880000000006081e-02
2.292196999999999985e-01
1.305780999999999470e-01
3.559166000000001384e-01
3.765529999999999711e-01
3.175844499999999071e-01
5.828002999999999378e-01
1.709733500000000794e-01
3.155337000000000280e-01
4.274976500000000068e-01
3.008876499999998955e-01
6.939964000000000688e-01
9.201462999999998615e-01
5.655272000000000077e-01
4.215020999999999907e-01
2.259807000000000343e-01
5.015444500000000305e-01
2.426728999999999692e-01
3.552224499999999674e-01
3.474937000000000165e-01
7.581620000000000026e-02
5.066216999999998416e-01
1.776398000000000144e-01
3.767419000000000184e-01
2.593301999999998997e-01
1.930341999999999059e-01
3.544302999999999759e-01
7.590745000000000964e-01
3.384108999999999590e-01
1.544097000000000386e-01
3.208837999999999968e-01
3.429249999999999243e-01
2.576806000000000374e-01
1.392685000000000728e-01
3.062885499999999928e-01
3.375790249999999215e-01
1.659042249999999052e-01
1.676909999999999790e-01
2.600445700000001414e-01
2.083920699999998738e-01
1.264515899999998361e-01
1.410627399999998255e-01
8.087999999999985479e-02
2.859592100000001302e-01
1.089493299999999998e+00
9.297035000000000160e-01
2.120498049999998968e-01
2.130898640000000455e-01
2.642216689999999923e-01
1.786302000000000445e-01
2.075284100000000520e-01
1.473690100000000780e-01
2.130630500000001704e-01
3.466688500000000284e-01
2.356284199999998941e-01
1.466630249999999469e-01
1.928744050000001375e-01
1.376321499999998144e-01
5.355185000000003970e-02
2.360602999999998342e-01
8.813333299999988324e-02
3.578073670000000428e-01
1.872671000000000752e-01
2.865075000000000260e-01
2.006408790000000053e+00
5.327749372999999178e-01
6.481294122999998741e-01
2.862582850000000012e-01
1.347288999999999848e-01
1.450167000000000539e-01
1.535361000000000642e-01
1.379638999999998894e-01
1.814659000000000688e-01
1.748945999999999834e-01
2.870203999999999533e-01
2.638246999999999676e-01
5.523162999999999823e-01
1.436726000000000392e-01
5.274458999999999120e-01
6.295328500000000327e-01
1.316969000000000334e-01
2.704589499999998647e-01
2.883365000000001621e-01
3.635148000000001378e-01
2.448550000000000448e-01
1.840552500000000036e-01
2.001780199999998455e-01
1.346222199999999591e-01
2.845201000000000535e-01
1.161660499999999652e-01
1.792904499999999346e-01
1.242407999999999846e-01
8.354253499999997334e-02
1.998014349999999717e-01
2.785788499999999335e-01
2.679348000000000840e-01
1.255181385000001815e-01
1.379471114999998582e-01
2.163749999999999840e-01
3.325493350000000570e-01
2.539020300000000563e-01
1.755485550000000783e-01
2.665871000000000768e-01
1.997644999999999560e-01
1.842042000000001234e-01
1.528513500000000802e-01
2.161873499999998616e-01
1.674708000000000030e-01
2.443293500000000840e-01
4.240836000000000050e-01
2.382898999999999712e-01
9.837270000000006287e-02
2.735097499999999959e-01
3.746992500000000392e-01
8.322279999999999955e-02
9.773139999999999605e-02
2.112439239999998331e-01
2.610898759999999985e-01
9.788025000000008524e-02
1.782344499999999887e-01
1.531584999999999475e-01
1.893161499999999331e-01
1.348983499999998892e-01
1.638744499999999493e-01
1.821239999999999248e-01
1.387242000000000197e-01
1.586632499999998669e-01
2.364511000000000807e-01
3.657793499999999476e-01
3.770867000000001634e-01
3.847813000000001038e-01
2.627587000000000117e-01
2.512451999999999463e-01
3.509781999999999624e-01
8.885460000000010294e-02
2.740781100000002080e-01
1.397480599999999518e-01
3.883226300000001130e-01
2.571082599999999219e-01
1.512981899999998880e-01
9.781293999999987610e-02
3.792059499999998473e-01
3.748178500000001190e-01
2.027746999999999189e-01
1.199419499999997973e-01
3.195090500000001277e-01
4.178320000000000922e-01
4.341666499999998208e-01
1.344178500000000054e-01
1.679281500000001648e-01
1.236280999999999769e-01
8.112860000000002292e-02
1.743146499999999877e-01
9.593244999999991918e-02
2.106140999999999430e-01
2.073098699999998962e-01
2.036676700000000784e-01
1.402181000000000399e-01
7.831569999999990483e-02
1.133535499999999419e-01
9.938884999999982039e-02
1.227136000000001032e-01
6.061525000000003716e-02
3.190760999999998626e-01
1.254840499999999304e-01
1.122677000000000258e-01
1.455483499999998820e-01
2.267518999999999785e-01
2.084406499999999496e-01
1.915276000000000201e-01
1.339484000000000785e-01
1.571264000000000549e-01
2.551834000000001157e-01
2.655342499999999717e-01
2.274706499999997744e-01
7.138309999999976896e-02
1.046457500000000790e-01
1.541788499999999507e-01
3.818429999999999325e-01
6.761109999999997955e-02
3.735020000000007639e-02
1.533571000000000240e-01
8.237289999999998502e-02
6.702844000000009184e-02
9.270733999999999919e-02
6.382555000000000867e-02
2.016639226499997994e-01
1.259685726499999436e-01
2.170323000000000113e-01
3.239441000000000681e-01
4.089178000000003310e-01
1.532254000000003447e-01
1.489791500000001712e-01
3.202900950000001634e-01
3.305494449999998308e-01
1.287810999999998429e-01
1.105617999999999740e-01
1.648046999999998874e-01
1.751190500000000538e-01
1.142192499999998695e-01
1.579455000000000164e-01
1.257829499999998102e-01
2.677188000000000900e-01
1.697093500000000366e-01
1.670941999999998040e-01
3.873944499999997237e-01
2.565595999999998877e-01
1.601119000000001957e-01
3.043358499999999633e-01
1.440723500000002377e-01
1.435817999999997874e-01
2.119172499999998349e-01
1.216081999999999996e-01
2.620489000000001401e-01
4.087838300000000702e-01
