FramewiseDisplacement
1.065990400000000227e+00
5.241880999999999347e-01
2.773722000000000687e-01
6.047253000000001322e-01
3.525280000000000635e-01
4.362800000000001122e-01
3.654640000000002331e-01
3.805109999999997661e-01
3.728515000000000579e-01
3.199324999999998975e-01
1.471099999999998797e-01
3.063730000000000064e-01
3.733044999999999281e-01
1.608689999999999010e-01
2.428484999999998006e-01
2.574945000000001261e-01
1.344009999999999927e-01
3.168714999999998616e-01
1.398879999999999013e-01
3.242739999999998401e-01
4.998724999999999419e-01
3.014047999999998617e-01
1.969681999999999267e-01
1.038369999999999849e-01
2.604214999999998614e-01
3.709326999999999486e-01
1.141699700000000206e+00
9.014589999999998993e-01
2.200534999999998742e-01
3.411584999999999757e-01
4.854089999999999794e-01
4.522495000000000820e-01
3.811694999999999389e-01
2.282965000000000133e-01
1.452285000000000381e-01
1.643229999999999691e-01
4.147949999999998583e-01
5.946185000000000498e-01
4.501474999999998117e-01
3.323090999999999129e-01
3.596946000000000865e-01
6.400208500000000855e-01
6.148394999999997612e-01
2.581114999999999937e-01
3.464298499999997616e-01
1.722003499999998632e-01
2.187153499999999196e-01
3.116135000000000432e-01
5.882397499999998391e-01
5.460755900000000551e-01
1.600990850000000854e-01
2.493581600000000786e-01
2.317125850000000264e-01
3.663395199999999741e-01
4.987441699999999867e-01
1.871317499999999301e-01
1.269799500000000358e-01
3.180192550000000562e-01
3.775332950000002130e-01
6.160880649999999070e-01
2.698717350000001125e-01
4.532086999999999088e-01
6.428936999999999014e-01
3.534359499999998877e-01
3.355788000000000104e-01
3.494491500000002082e-01
2.199990000000000834e-01
1.670039999999999303e-01
3.604485000000000605e-01
2.446065000000001155e-01
2.905999999999999139e-01
4.473814999999999320e-01
3.109152999999998945e-01
3.592453000000001007e-01
4.780296550000000533e-01
1.796242449999998769e-01
2.020464000000000149e-01
2.916337000000000512e-01
2.269888000000001571e-01
3.684922999999999949e-01
5.309181000000000594e-01
4.359667499999999030e-01
3.756432200000000554e-01
1.685935700000001647e-01
3.666302499999999909e-01
5.518065500000001178e-01
3.794655000000001221e-01
4.401520000000000432e-01
6.014964999999999895e-01
1.005842899999999984e+00
1.711732000000001364e-01
2.237752000000000074e-01
2.521992000000000123e-01
5.268092999999999249e-01
2.924633499999998998e-01
2.107506500000000671e-01
6.098025000000000251e-01
6.954430499999999515e-01
2.944384499999999072e-01
1.538090999999999486e-01
6.234193000000001206e-01
1.078066299999999922e+00
9.622608000000001383e-01
8.456705000000001027e-01
1.307538950000000089e+00
7.788554500000000047e-01
3.318774199999999230e-01
2.181676299999999458e-01
1.690858499999999820e-01
2.225349999999999273e-01
2.690014499999999753e-01
3.081960700000000442e-01
2.112645700000000126e-01
1.220966999999999886e-01
4.472573200000000693e-01
4.622962200000000355e-01
3.913829589999999192e-01
5.163392139999999353e-01
4.037641250000000848e-01
1.980912599999999912e-01
3.692472099999999924e-01
4.301134999999999819e-01
3.705261000000000249e-01
2.885256600000000726e-01
2.271523849999999844e-01
2.002233599999999891e-01
5.313270409999999444e-01
4.739730339999999043e-01
1.775548999999999600e-01
4.372618499999999520e-01
1.161411000000000526e-01
2.750287849999999978e-01
2.482181650000000184e-01
3.135759750000000068e-01
6.082452500000001122e-02
4.161573499999999259e-01
3.549589000000000771e-01
4.316610000000000724e-01
3.187065050000000288e-01
3.402187549999999838e-01
1.754736499999999810e-01
2.313062500000000465e-01
3.713315500000000657e-01
1.643328500000000025e-01
3.362636999999999987e-01
8.643604999999999761e-01
1.405723599999999962e+00
4.137338499999999586e-01
3.938905299999999610e-01
1.808348340000000276e-01
2.499108060000000409e-01
1.104864349999999940e-01
2.033854449999999703e-01
1.918741249999999787e-01
1.920479750000000096e-01
1.346451999999999927e-01
3.000665074999999682e-01
3.644670574999999690e-01
4.570537999999999546e-01
1.792136400000000074e-01
1.192368600000000001e-01
3.055312000000000028e-01
3.110707500000000625e-01
1.234579479999999979e-01
2.596893480000000420e-01
3.155829000000000550e-01
2.572018300000000202e-01
3.698508299999999083e-01
5.426851999999999787e-01
2.997272000000000269e-01
2.162055000000000227e-01
1.829104999999999759e-01
4.184952000000000116e-01
2.069727000000000094e-01
1.435390000000000277e-01
2.650585000000000302e-01
3.241195000000000048e-01
3.876489999999999658e-01
2.610140000000000238e-01
2.678665000000000629e-01
2.333936000000000066e-01
2.959100999999998982e-01
2.713835999999999471e-01
1.975936000000000081e-01
6.105099999999999971e-01
8.367028999999999161e-01
1.924026000000000070e-01
4.242733000000000199e-01
3.679658000000001206e-01
1.888483000000000245e-01
4.893129999999999424e-01
6.222581999999998725e-01
2.681951999999999670e-01
3.709064999999999723e-01
2.747825000000000406e-01
3.616105000000001124e-01
5.167723000000000733e-01
3.056327999999999823e-01
2.816090000000000537e-01
6.316730000000000400e-01
2.300170000000000825e-01
2.007975000000000732e-01
6.869949999999998280e-02
2.636365000000000514e-01
1.960979999999999668e-01
1.873405000000000764e-01
4.149424999999999364e-01
5.036072999999999800e-01
6.003767999999999327e-01
4.138329999999999509e-01
1.531060000000000476e-01
3.068659999999999721e-01
2.474285000000000512e-01
2.216140000000000332e-01
2.389129999999999032e-01
2.151279999999999859e-01
1.655425000000000368e-01
4.714370000000000505e-01
6.340925999999998952e-01
7.556533500000000014e-01
1.172977450000000088e+00
1.106926099999999913e+00
7.411289999999999267e-01
2.755481000000000180e-01
3.247752949999999084e-01
2.499815299999999796e-01
2.783918650000000161e-01
3.743539000000000172e-01
4.167094999999999549e-01
4.595150000000000068e-01
4.366248000000000351e-01
2.945574999999999721e-01
6.692750000000007027e-02
2.566595000000000404e-01
4.568626549999999509e-01
3.554660200000000492e-01
9.239731499999997988e-02
2.349361600000000050e-01
2.701304000000000483e-01
8.655525000000004188e-02
4.214291499999999746e-01
5.880293500000001172e-01
2.420729999999999826e-01
4.455719500000001054e-01
2.526467500000000310e-01
3.228788500000000505e-01
1.539968499999999907e-01
3.283422149999999928e-01
3.563364150000000175e-01
5.328032000000000323e-01
7.192232999999998988e-01
3.420887499999999970e-01
2.420226999999999795e-01
4.251814100000000374e-01
5.544168489999999894e-01
3.366911090000000994e-01
2.845907500000000034e-01
2.172135999999999512e-01
3.409491000000000049e-01
4.961735500000000743e-01
1.803490000000000371e-01
1.902234500000000716e-01
2.377793499999998894e-01
4.820592500000000502e-01
1.092800099999999414e-01
3.348222099999999535e-01
2.726713949999999831e-01
1.869542449999999079e-01
2.281708749999999397e-01
6.233102749999999137e-01
9.087966499999999836e-01
2.335685000000000122e-01
5.212553499999998952e-01
6.450557949999998764e-01
3.481675950000000519e-01
1.052400000000000418e-01
7.596050000000001412e-02
8.584615000000000995e-02
4.141107999999998901e-01
3.377713500000000257e-01
6.022208499999999187e-01
4.435184000000000903e-01
1.726699999999998791e-01
3.177828500000001166e-01
4.491211499999999690e-01
4.145347999999999811e-01
4.190369500000000191e-01
3.054856500000000530e-01
2.876461050000000408e-01
2.847068550000000364e-01
5.012933250000000118e-01
5.717189249999999889e-01
4.526880500000000085e-01
3.427995500000000639e-01
4.643340000000000245e-01
3.336231500000000350e-01
2.340922500000001127e-01
3.520817500000000821e-01
5.721153500000001335e-01
