FramewiseDisplacement
6.243686000000000513e-01
2.284241999999998551e-01
3.202972000000000041e-01
4.914789999999999437e-01
3.383899999999999686e-01
2.350939999999999697e-01
3.980019999999998559e-01
3.343039999999998790e-01
2.249440000000000883e-01
3.561473000000001665e-01
3.122723000000000582e-01
2.313960000000001016e-01
2.331529999999999714e-01
2.119199999999999973e-01
2.025749999999998940e-01
2.728582999999999981e-01
3.430346999999998592e-01
2.721483999999999570e-01
2.928794000000001230e-01
4.298121999999999776e-01
3.912557999999999314e-01
2.295298000000000338e-01
4.899383999999999406e-01
2.886786000000001184e-01
3.539597000000000437e-01
4.904796000000001266e-01
3.474259000000000097e-01
3.666173999999999267e-01
3.940766000000001101e-01
3.921128999999999865e-01
8.998899000000000203e-01
3.235903999999999447e-01
4.849705000000000266e-01
5.542235000000002021e-01
2.460190000000000432e-01
4.053891000000000577e-01
1.695526999999999729e-01
2.222497999999999418e-01
3.141423999999999328e-01
4.338293000000000843e-01
3.070334000000000119e-01
2.800544999999999285e-01
2.654804000000000053e-01
2.752055999999999392e-01
1.945364999999999456e-01
3.101329000000000446e-01
1.775992000000000126e-01
2.856732999999999079e-01
1.950407999999999586e-01
2.084889000000000603e-01
1.612802000000000124e-01
2.438750999999999836e-01
2.093604999999999494e-01
1.143177999999999001e-01
1.040347999999999135e-01
1.329309000000000185e-01
5.980827476400000231e-01
9.092766476400000464e-01
2.580443000000001152e-01
2.730017000000000138e-01
3.065251000000000503e-01
3.521516999999999564e-01
3.671113900000000929e-01
3.106907450000000459e-01
3.038085050000000065e-01
3.007285599999999226e-01
1.923347900000000610e-01
3.373363599999999463e-01
2.866673399999999927e-01
5.161997000000000391e-01
5.430835000000001633e-01
2.665639000000001313e-01
2.673806700000000980e-01
1.955714699999999695e-01
3.388552000000000231e-01
3.667345999999999662e-01
1.914469999999999783e-01
1.499258999999999731e-01
3.316234000000000126e-01
3.481171000000000126e-01
2.618904000000000232e-01
2.360381000000000007e-01
1.434481999999999702e-01
3.123141999999999863e-01
3.030554999999999777e-01
1.142053500000000110e-01
2.841314999999999813e-01
1.909051499999999957e-01
1.731697499999999557e-01
1.925432499999999714e-01
4.025459499999999857e-01
3.246060499999999793e-01
1.419246949999999896e-01
2.394010000000000304e-01
1.807846549999999886e-01
2.040625600000000039e-01
3.464718600000000204e-01
4.035876600000000147e-01
3.793007949999999684e-01
2.322220030000000379e-01
2.242919380000000240e-01
2.841675999999999647e-01
1.583641000000000076e-01
2.534706499999999640e-01
2.967994999999999384e-01
2.723000049999999561e-01
5.198597999999999830e-01
3.317635549999999878e-01
5.475927000000001266e-02
2.368486200000000097e-01
4.773992999999999709e-01
1.915585999999999955e-01
3.585988999999999982e-01
3.594759999999999622e-01
2.911395099999999903e-01
1.720156899999999989e-01
2.516979930000000087e-01
2.967259929999999657e-01
2.117426000000000030e-01
1.120602648999999978e-01
2.460831948999999963e-01
1.231299100000000091e-01
1.700252869999999972e-01
8.369852699999999479e-02
2.596771800000000074e-01
5.914843299999998916e-01
7.173029499999999947e-01
4.289981400000000278e-01
5.342765700000000617e-01
5.605756899999999598e-01
1.427864699999999987e-01
1.724097700000000177e-01
1.100299700000000047e-01
1.949316199999999999e-01
1.863383700000000032e-01
1.754418499999999825e-01
1.606839200000000079e-01
1.561603700000000206e-01
2.375565799999999894e-01
2.677907800000000060e-01
1.623842449999999826e-01
2.654055450000000205e-01
2.301514499999999797e-01
1.711649640000000028e-01
2.203812639999999656e-01
1.484970099999999849e-01
1.774787400000000237e-01
1.554629299999999992e-01
2.049104499999999940e-01
1.650512000000000090e-01
1.504849299999999890e-01
1.230872299999999919e-01
3.263003150000000074e-01
2.286702150000000100e-01
1.382652149999999969e-01
1.023080949999999878e-01
1.326331000000000038e-01
2.672593600000000014e-01
2.175570199999999899e-01
1.317889400000000211e-01
1.174523499999999970e-01
3.393614500000000089e-01
3.730523499999999770e-01
1.094023100000000026e-01
2.333879900000000174e-01
2.475458500000000117e-01
9.473995000000000333e-02
3.500009499999999774e-01
2.373149299999999795e-01
3.207588699999999737e-01
4.283128389999999452e-01
2.314117609999999936e-01
1.977091500000000002e-01
1.001761000000000179e-01
2.742673000000000472e-01
2.997076000000000184e-01
2.499795015000000065e-01
3.456962985000000543e-01
4.137965999999999589e-01
3.044179340000000566e-01
2.049497310000000239e-01
2.920401870000000066e-01
3.253568500000000308e-01
2.071791779999999916e-01
2.501748719999999926e-01
8.468841000000000563e-02
2.243095549999999938e-01
1.721836049999999896e-01
2.451901499999999678e-01
2.312116699999999525e-01
1.221388799999999913e-01
3.301865900000000020e-01
3.320751700000000306e-01
2.104563699999999760e-01
3.843270400000000087e-01
3.255256300000000103e-01
1.989511799999999775e-01
3.280589499999999603e-01
3.204714899999999700e-01
2.129354000000000247e-01
3.549771610000000410e-01
4.081695510000000193e-01
4.143832600000000310e-01
2.589798500000000114e-01
4.229974499999999416e-01
5.701202999999999133e-01
2.887707499999999650e-01
2.538400499999999838e-01
3.488257000000000718e-01
1.789300000000000057e-01
2.467592499999999855e-01
2.172518999999999700e-01
4.226780199999999321e-01
3.199540849999999992e-01
7.967271499999997730e-02
2.795400200000000002e-01
3.443375699999999817e-01
1.799641050000000131e-01
4.669517750000000134e-01
3.305508300000000177e-01
3.047225999999999546e-01
5.883832700000000138e-01
4.670234300000000172e-01
2.929786899999999861e-01
3.703139999999999210e-01
2.005784000000000178e-01
2.976205499999999837e-01
3.198991999999999392e-01
2.884334499999999801e-01
3.929393500000000206e-01
3.887074500000000654e-01
2.580601499999999882e-01
3.198478000000000154e-01
3.797051999999999095e-01
2.755941000000000640e-01
1.857232549999999760e-01
1.317412950000000083e-01
4.380150499999999614e-01
3.564111999999999836e-01
2.306059999999999777e-01
4.898655199999999432e-01
4.098744699999999908e-01
2.101826499999999986e-01
5.782618500000000772e-01
3.423784649999999097e-01
2.355220850000000199e-01
4.795185299999999429e-01
4.767547299999999599e-01
3.010169000000000317e-01
5.781945700000000743e-01
4.319097700000000262e-01
2.126479000000000008e-01
3.738170999999999577e-01
2.957858500000000168e-01
2.794060499999999614e-01
2.646697950000000410e-01
3.145416550000000311e-01
2.278577999999999992e-01
2.374032500000000101e-01
5.252959000000000378e-01
3.673052999999999457e-01
2.286190000000000166e-01
5.469704999999999151e-01
4.511265999999998777e-01
2.179334000000000549e-01
4.609915000000000540e-01
2.976369000000000375e-01
1.979999000000000065e-01
3.310597000000000678e-01
2.945298000000000083e-01
3.011688499999999880e-01
1.751607500000000317e-01
5.260357000000001060e-01
4.289592999999999878e-01
1.939454999999999929e-01
5.606583000000000538e-01
4.423988999999999838e-01
2.473170499999999827e-01
4.146649000000000029e-01
2.367853000000000319e-01
2.889208500000000068e-01
5.550850999999999980e-01
4.141004000000000906e-01
2.696239999999999748e-01
4.075596999999999692e-01
3.995147000000000004e-01
3.059534999999999894e-01
3.942311499999999747e-01
2.915283999999999653e-01
3.000585500000000350e-01
4.753380500000000120e-01
3.199420499999999778e-01
3.187094000000000316e-01
5.095224000000000419e-01
2.063346299999999633e-01
2.128542200000000384e-01
2.804090499999999930e-01
4.923420000000000574e-01
3.352041000000000048e-01
