FramewiseDisplacement
2.678585000000000549e-01
2.520995000000000319e-01
1.803470000000000351e-01
1.927239999999999231e-01
9.267100000000010052e-02
6.165999999999992320e-02
2.935645000000000060e-01
9.003200000000002867e-02
5.500000000000003497e-02
5.545699999999994384e-02
5.866750000000005988e-02
6.371449999999991010e-02
5.144999999999996798e-02
7.432850000000004731e-02
9.869649999999993706e-02
8.197299999999989317e-02
6.025599999999994155e-02
9.831700000000007100e-02
6.845000000000002471e-02
5.282050000000006185e-02
5.710100000000004061e-02
8.401700000000002222e-02
7.210049999999997017e-02
1.215559999999999696e-01
2.859469999999999512e-01
2.894634999999999847e-01
5.142750000000002875e-02
3.010064999999999547e-01
1.638950000000000129e-01
1.522624999999999396e-01
7.279599999999991633e-02
1.749160000000000992e-01
1.210515000000001173e-01
4.474200000000005256e-02
8.005650000000008593e-02
1.160125000000000739e-01
1.131750000000000533e-01
1.367710000000000037e-01
8.626950000000001284e-02
4.831250000000000822e-02
9.262749999999995987e-02
8.270869999999995448e-02
7.246069999999997513e-02
1.412235000000000018e-01
1.273992000000000180e-01
7.004570000000005792e-02
9.731869999999995247e-02
9.518129999999995483e-02
8.758220000000005445e-02
6.076270000000003751e-02
5.125489999999995050e-02
6.502589999999990045e-02
1.901929999999999593e-02
3.264780000000000459e-02
1.266685499999999354e-01
2.959640000000000049e-01
1.910234500000000391e-01
2.147875500000000493e-01
7.977330399999998933e-02
1.285819460000000580e-01
5.824745000000001310e-02
5.869549999999993523e-02
5.887625000000002579e-02
3.930135000000001960e-02
1.857199499999999948e-01
6.375629999999998798e-02
1.785482500000000194e-01
1.119051000000000767e-01
2.370705499999999910e-01
1.351987999999999801e-01
1.279899999999999927e-01
4.700900000000001605e-02
9.787414999999993759e-02
3.596799999999996528e-02
2.513453999999999966e-01
1.125086499999999601e-01
1.601834499999999772e-01
4.249810000000001781e-02
8.874489999999998768e-02
3.804247000000000045e-01
1.348653499999999950e-01
4.528889999999999305e-02
6.757145000000000512e-02
5.161034999999999234e-02
2.428134649999999783e-01
1.038797650000000128e-01
1.303062000000000387e-01
1.514537999999999718e-01
1.498910880000000057e-01
1.084140120000000040e-01
6.451700000000000490e-02
1.255659699999999712e-01
8.548522000000004228e-02
3.516318500000000236e-01
7.691512999999998434e-02
2.341056200000000143e-01
1.465431500000000109e-01
6.274787999999997812e-02
3.319951999999999626e-02
7.523146350000002591e-02
6.039703350000000248e-02
3.704193999999999543e-02
9.780377000000001209e-02
1.242578500000000308e-01
1.594201399999999880e-01
1.680922849999999802e-01
1.519625149999999925e-01
6.597770500000001148e-02
2.684415499999998414e-02
5.147595000000000642e-02
4.302079999999998405e-02
2.870966500000000088e-01
1.226706600000000147e-01
8.714147999999997951e-02
1.289363199999999932e-01
6.389444999999999153e-02
8.599765000000000881e-02
6.288010000000000821e-02
2.993735000000000146e-02
5.956024400000000524e-02
7.044630600000000020e-02
1.292165500000000133e-01
3.190548199999999612e-01
1.571654700000000016e-01
1.003578399999999898e-01
9.324454000000000076e-02
8.160873000000000432e-02
5.921225999999998879e-02
7.419680000000000719e-02
6.150944999999999330e-02
1.073949000000000153e-01
3.904210599999999864e-01
1.418145949999999877e-01
8.838514500000001217e-02
7.704862000000001210e-02
4.241160999999999542e-02
9.533160000000000245e-02
6.406099000000001209e-02
8.294913000000000980e-02
9.504059000000000812e-02
3.314633714999999925e-01
4.022488684999999675e-01
1.776069999999999871e-01
1.562844000000000177e-01
1.329607000000000150e-01
2.301393730000000359e-01
9.713418099999999999e-02
5.576300699999999638e-02
5.912467400000000206e-02
3.858492600000000550e-02
9.729134100000000340e-02
2.207461299999999293e-02
1.075819750000000102e-01
9.772766000000000786e-02
2.037862300000000404e-01
1.198356299999999847e-01
8.683796900000001484e-02
4.549525099999999350e-02
9.165804999999999092e-02
2.603253000000000164e-02
6.356812499999998922e-02
2.650410500000000003e-02
6.627139000000001334e-02
3.832848000000000505e-02
3.970584500000000072e-01
5.389224999999998877e-02
1.375910499999999925e-01
8.577454999999999108e-02
5.928719999999999823e-02
3.473313999999998875e-02
3.410623699999999758e-02
5.357031699999999230e-02
6.968056999999999723e-02
1.889054999999999554e-02
1.209602000000000420e-02
1.173833000000000341e-02
5.970980000000000038e-02
9.320172000000001566e-02
5.667967499999999881e-02
2.838785000000001307e-02
4.230393500000000084e-02
8.418637999999997734e-02
4.239181000000000199e-02
2.488634999999999459e-02
4.796881000000000062e-02
9.278579000000000687e-02
4.089228500000000044e-01
1.638565000000000160e-01
2.987802999999999987e-01
1.621424999999999672e-01
8.701685000000000669e-02
7.927920000000000800e-02
5.628816500000000111e-02
2.845055000000000847e-02
6.840426500000000576e-02
6.362115000000000131e-02
8.372963000000001321e-02
7.092497000000001772e-02
8.955699999999974445e-03
8.844099999999999184e-02
2.387524500000000049e-01
1.323082499999999884e-01
1.260498499999999911e-01
6.364954999999999918e-02
4.913625000000001325e-02
3.219491999999999909e-01
1.125852000000000241e-01
8.574284999999999546e-02
7.071999999999997732e-02
8.147690000000001875e-02
9.367260000000002251e-02
4.695128999999997887e-02
6.845099999999999796e-02
3.690739000000000519e-02
6.894673999999999248e-02
5.775042449999998745e-02
5.060696949999998751e-02
3.383972499999998024e-02
5.030733000000002508e-02
1.097424999999999928e-01
1.116927999999999810e-01
4.803404999999998093e-02
3.730525000000001201e-02
5.761074999999998142e-02
3.161090000000001815e-02
2.514264999999999903e-02
2.362430300000000205e-01
2.759670699999999810e-01
7.568755000000002009e-02
6.743884999999999463e-02
1.476612499999999939e-01
7.067520000000000746e-02
7.319427999999998657e-02
6.048338000000001713e-02
3.176619999999999444e-02
6.158855359999998447e-02
5.451325280000000884e-02
6.009094359999998108e-02
4.777274999999998883e-02
7.980340000000002432e-02
8.532515000000000238e-02
1.007550510000000121e-01
4.658877900000001765e-02
4.026437000000002153e-02
6.319041999999999715e-02
3.610361000000000820e-02
4.551514999999999034e-02
4.004245999999999500e-02
5.798910499999998525e-02
2.309610150000000195e-01
2.343882500000000202e-01
1.401110000000000133e-01
8.859374999999998501e-02
9.722939999999996585e-02
9.473090000000002064e-02
6.683245000000001546e-02
8.292077999999997173e-02
6.896559999999998802e-02
4.718700000000000672e-02
4.924180000000001611e-02
5.850612000000000867e-02
7.519775000000000764e-02
1.239867499999999928e-01
2.151850000000002719e-02
6.883495000000003361e-02
1.032486999999999988e-01
6.838854999999996465e-02
6.856949999999996381e-02
1.178563000000000111e-01
8.499429999999996710e-02
6.699733000000000771e-02
8.977121000000003181e-02
4.908162999999996640e-02
1.194065500000000002e-01
7.427539999999996367e-02
8.353819999999999302e-02
3.983263000000000220e-01
1.396721500000000227e-01
3.234146499999999702e-01
1.602812999999999599e-01
6.210099999999998954e-02
1.467878999999999712e-01
5.149809999999994947e-02
1.152500000000000330e-01
6.523760000000000669e-02
9.136589999999999989e-02
6.966870000000001395e-02
5.565949999999999370e-02
6.264530000000000098e-02
5.156689999999998497e-02
3.978889999999998123e-02
1.078484000000000248e-01
9.682270000000001153e-02
1.166837000000000429e-01
8.237739999999994789e-02
2.107450000000001683e-02
5.630290000000000294e-02
3.589919999999995059e-02
2.975339999999998195e-02
