FramewiseDisplacement
4.544235000000000912e-01
2.143185999999999425e-01
1.119170400000000509e-01
1.122890399999999789e-01
2.441284000000000232e-01
1.809797999999999685e-01
1.167194899999999258e-01
1.474957100000000021e-01
2.154959999999999931e-01
1.008640999999999704e-01
3.697909999999999392e-02
3.648929999999993290e-02
5.282660000000004991e-02
1.043616000000000266e-01
6.038959999999997386e-02
5.744510000000004057e-02
8.848859999999997283e-02
1.488727999999999718e-01
7.693589999999994600e-02
9.031570000000002651e-02
2.114086000000000576e-01
8.453270000000004392e-02
8.615870000000001860e-02
3.235330000000005701e-02
4.387750000000004147e-02
5.120159999999999989e-02
8.198959999999998194e-02
6.974229999999996543e-02
4.039059999999998485e-02
1.964600000000003843e-02
5.341039999999996207e-02
2.884799999999996395e-02
5.782700000000004503e-02
5.369730000000001724e-02
7.515739999999994370e-02
8.126610000000002165e-02
5.239977999999999581e-01
6.146305300000001193e-01
2.959770300000000853e-01
1.369555499999999537e-01
8.325600000000002443e-02
8.021804999999998520e-02
7.975799999999998169e-02
7.996949999999995728e-02
7.063600000000000434e-02
3.020945000000000435e-01
2.089499999999999691e-01
3.048804999999999987e-01
1.967900499999999664e-01
3.834325000000003009e-02
8.370674999999995480e-02
8.387624999999993003e-02
5.177959999999999507e-02
1.050404999999999811e-01
6.461974999999998970e-02
4.411505000000000287e-02
4.519644999999999913e-02
5.910894999999995875e-02
8.592809999999995174e-02
4.559850000000001402e-02
9.271650000000000724e-02
4.748799999999997468e-02
6.772549999999999404e-02
5.498500000000000609e-02
1.255965000000001108e-01
7.054949999999998722e-02
2.432249999999998302e-02
6.681800000000003015e-02
8.831099999999994510e-02
8.911835000000002671e-02
1.146139500000000061e-01
1.368941999999999382e-01
4.568388999999999922e-01
6.381683000000000217e-01
5.538946499999999329e-01
2.149573499999999915e-01
3.118220000000000436e-01
1.089287999999999368e-01
1.598390500000000936e-01
8.533497499999997959e-02
1.139345250000000087e-01
6.393170000000000797e-02
5.494749550000001259e-02
1.308074955000000095e-01
1.218924500000000133e-01
8.243339999999999002e-02
2.259219999999999631e-02
4.081140000000001850e-02
5.890279999999997740e-02
4.932925000000001892e-02
7.232379999999999365e-02
6.152530000000003274e-02
1.152390499999999818e-01
2.386217499999999936e-01
6.454100000000000115e-02
1.075164999999999871e-01
1.098095000000000182e-01
8.348904999999998133e-02
8.154595000000000593e-02
1.551514499999999963e-01
1.236860499999999918e-01
6.070645000000000902e-02
9.801650000000000640e-02
8.152854999999996355e-02
8.358864999999998657e-02
6.164020000000000610e-02
6.303695000000000825e-02
6.349979999999999514e-02
1.033179999999999932e-01
8.593984999999998431e-02
6.980029999999999568e-02
6.014289999999998526e-02
1.031289999999999846e-01
5.789550000000000252e-02
6.428184999999998761e-02
4.459913000000001460e-02
6.284907999999998773e-02
7.939972999999998782e-02
7.434152999999998901e-02
4.143760999999997890e-02
6.816144999999998455e-02
8.762084999999997237e-02
1.294412000000000063e-01
8.879392000000002616e-02
2.219067000000000608e-02
2.134638699999999445e-02
8.376962300000000139e-02
1.248538900000000090e-01
9.380265999999998217e-02
3.584252400000000061e-02
1.286336140000000072e-01
7.233045999999999920e-02
4.643934999999999036e-02
4.849892000000001480e-02
5.504793000000000186e-02
4.065709999999999463e-02
5.081900000000000306e-02
3.957219999999999488e-02
7.392034000000000105e-02
8.658298999999998469e-02
4.996997999999999718e-02
2.366194500000000367e-02
2.284481000000000359e-02
1.605541950000000107e-01
3.943886600000000020e-01
1.183445999999999804e-01
2.295722299999999882e-01
1.685597560000000328e-01
4.305246299999999915e-02
5.803566400000000763e-02
5.558213600000000421e-02
7.821220500000000686e-02
7.675270799999998894e-02
4.199646100000000576e-02
2.372617700000000107e-02
1.780579190000000089e-01
1.769078900000000121e-01
9.468734500000001997e-02
1.297844849999999772e-01
6.725961499999999482e-02
1.127027050000000002e-01
1.968840199999999929e-01
2.479940250000000068e-01
1.114543199999999956e-01
7.038128200000000334e-02
2.394260000000000485e-02
7.865411800000000897e-02
7.853074999999999639e-02
2.410920000000000285e-01
5.203172099999999745e-01
3.141483399999999149e-01
8.091974999999998475e-02
5.926245000000002899e-02
2.791560000000002303e-02
2.856222400000000827e-01
5.352774599999999827e-01
1.312491158999999907e+00
5.232396410000000886e-01
4.756419499999999800e-01
1.000304999999999944e-01
7.836829999999993246e-02
1.038606000000000112e-01
5.941360000000001085e-02
1.330310000000000693e-02
3.940179999999999377e-02
5.842629999999998658e-02
6.440870000000002704e-02
4.601905000000004048e-02
7.578605000000003533e-02
5.153610000000002911e-02
2.800550000000004078e-02
2.608210000000002818e-02
4.375840000000001673e-02
2.292119999999996105e-02
2.055609999999998688e-02
2.003994999999999735e-02
2.359680000000002539e-02
4.867779999999997942e-02
5.935395000000008581e-02
8.815514999999994605e-02
8.310349999999998294e-02
2.462993999999999462e-01
1.442313999999999541e-01
6.739749999999999908e-02
5.144249999999997436e-02
2.820751000000000230e-01
6.683121499999999937e-01
1.558001999999999998e-01
4.913973500000000105e-01
1.258617999999999959e-01
3.463546299999999967e-01
8.887222000000000177e-02
2.408440999999999776e-01
4.070625500000000230e-01
1.876562999999999704e-01
1.720771999999999857e-01
1.505542999999999743e-01
1.329699000000000297e-01
2.742554499999999007e-01
7.748590000000002420e-02
1.152840000000000115e-01
1.825221250000000350e-01
8.855907500000008425e-02
9.187804999999993338e-02
2.354129500000000375e-01
2.884670970000000056e-01
1.423646152999999748e+00
5.145534999999999970e-01
1.996118999999999810e-01
8.264419999999991773e-02
5.786717000000000111e-01
7.508767499999999817e-01
8.031608500000000372e-01
2.685774999999999690e-01
9.362799999999993350e-02
2.276250500000000232e-01
1.324313499999999477e-01
5.520529999999997106e-02
2.955709999999998200e-02
4.684400000000001757e-02
9.931869999999998200e-02
9.496949999999995673e-02
5.427809999999999580e-02
5.467839999999997425e-02
5.965500000000000663e-02
4.961240000000002870e-02
1.879199000000000563e-01
7.900000000000001465e-02
5.082389999999999824e-02
3.146100000000000285e-02
3.961480000000002638e-02
4.122119999999997175e-02
1.453867000000000076e-01
4.430149999999999921e-01
5.381266000000000105e-01
1.131231999999998961e-01
2.546608999999999678e-01
7.103884499999999491e-01
2.032373000000000929e-01
4.561221000000000858e-01
1.463016599999999168e-01
8.576668999999997878e-02
3.631559000000000315e-01
5.834000000000002378e-02
1.692139500000000296e-01
2.881561999999998624e-01
1.199079499999999299e-01
8.503879999999999773e-02
9.468541849999999593e-01
2.723696350000000543e-01
4.544732499999999953e-01
2.451925499999999813e-01
1.226486500000000257e-01
7.984409999999995955e-02
5.931947500000005202e-02
1.048655249999999872e-01
1.116889500000000091e-01
6.143075000000007557e-02
8.371875000000000844e-02
3.161189999999997058e-02
3.637734999999995417e-02
3.634649999999997605e-02
1.525278499999999926e-01
5.102121499999999754e-01
2.729186499999999849e-01
3.170369500000000396e-01
3.999947999999999837e-01
7.105878999999999390e-01
6.189878500000000061e-01
2.435218500000000674e-01
1.201520999999999978e-01
9.152130000000001375e-02
7.627835000000002252e-02
7.328335000000002486e-02
2.651700000000000584e-02
7.571519999999999639e-02
4.495890000000003772e-02
5.884240000000002385e-02
3.708039999999999253e-02
