FramewiseDisplacement
3.893091500000001037e-01
2.899458999999999786e-01
2.757178000000000129e-01
7.257597500000000368e-01
3.917203500000001060e-01
1.662910000000000221e-01
2.095336500000002100e-01
2.604903499999997596e-01
2.589702499999999574e-01
2.397733499999999407e-01
4.294531999999999794e-01
4.148244500000000667e-01
3.242378500000000496e-01
6.240405000000018299e-02
1.567131999999998304e-01
2.301130999999999316e-01
2.352086999999997985e-01
1.523750999999997635e-01
8.423900000000006383e-02
3.925489499999999521e-01
3.346605999999999193e-01
3.352025499999999325e-01
9.599694999999994205e-02
1.191398600000000974e-01
2.223278600000000438e-01
1.737537999999998750e-01
4.244200000000002138e-02
6.312439999999991391e-02
1.548813000000000550e-01
3.411452500000000110e-01
5.633252499999999996e-01
6.675626000000000060e-01
3.224613000000000063e-01
1.053408500000000692e-01
6.693229999999993074e-02
2.198699999999996144e-02
2.587606999999999546e-01
1.506374999999999242e-01
1.880290000000000017e-01
1.769033499999999592e-01
5.972465000000001106e-02
9.586019999999996488e-02
5.491010000000001029e-02
1.830453499999999678e-01
8.421924999999996775e-02
2.450089000000000294e-01
2.099939650000000047e-01
7.680991500000000638e-02
1.337573149999999600e-01
9.474246499999992854e-02
2.592799650000000566e-01
2.076904149999999616e-01
1.468199099999999979e-01
1.673949949999999631e-01
2.134890999999999595e-01
1.155168349999999566e-01
1.732758650000000566e-01
1.777783899999999806e-01
1.164911549999999851e-01
1.274753499999999873e-01
5.786514999999999714e-02
5.451402499999994516e-02
1.526619399999999405e-01
1.519338050000000051e-01
7.174353350000001184e-02
1.978863849999999008e-02
7.203119499999999231e-02
2.777425949999999810e-01
2.498785000000000034e-01
3.560601949999999682e-01
3.060851450000000029e-01
1.067805900000000086e-01
9.049328000000002314e-02
1.191129750000000237e-01
2.189819899999999875e-01
2.033224899999999391e-01
1.875368399999999547e-01
1.953860500000000333e-01
1.718286499999999162e-01
2.199282999999999377e-01
3.319483599999999979e-01
2.049247899999999956e-01
1.503329499999999930e-01
8.956950000000005185e-02
1.083478499999999956e-01
1.163378000000000051e-01
1.717049000000000492e-01
1.071561000000000041e-01
4.130274999999998531e-02
3.841764999999999763e-02
1.866625500000000104e-01
3.451775499999999441e-01
1.730890000000000484e-01
6.313354999999995498e-02
7.078349999999997144e-02
6.110191500000001774e-01
4.352863899999999675e-01
3.695655100000000415e-01
1.907476500000000186e-01
5.640219999999999262e-02
5.647284999999999111e-02
3.049989999999999646e-02
2.305160499999999724e-01
2.708788000000000307e-01
3.253458499999999920e-01
3.536282999999999510e-01
1.974389999999999479e-01
6.990009999999999279e-02
6.019257000000000080e-02
6.408472999999997866e-02
3.338857709999999979e-01
3.822918210000000316e-01
2.565932000000000213e-01
2.127820800000000401e-01
1.029955700000000085e-01
5.499997000000000219e-02
5.539338000000000595e-02
2.060817499999999802e-01
3.050243000000000260e-01
2.888252500000000333e-01
1.919440000000000035e-01
4.016747999999997765e-02
1.019998099999999824e-01
6.210906999999999539e-02
1.106141899999999734e-01
6.991908999999998930e-02
4.196730500000001030e-02
7.547894199999999332e-02
1.781442130000000235e-01
2.606044169999999771e-01
1.496955829999999932e-01
6.377733999999998793e-02
1.290707500000000119e-01
9.997414999999999774e-02
1.719159199999999998e-01
2.208338999999999996e-01
2.448538480000000128e-01
2.831400479999999775e-01
1.589860950000000495e-01
2.952442500000000691e-02
2.894302199999999881e-02
1.562285670000000126e-01
2.109779599999999922e-01
2.597410150000000195e-01
2.690334499999999518e-01
1.200603499999999962e-01
1.327550799999999975e-01
6.962260500000001795e-02
6.121265499999999082e-02
1.041069059999999852e-01
1.302964860000000169e-01
9.106713900000000528e-02
1.133070409999999972e-01
1.530127400000000082e-01
1.453174959999999905e-01
3.390455800000000131e-02
3.983557299999999912e-02
1.128536889999999931e-01
1.206968099999999877e-01
1.354979440000000090e-01
5.285456899999999708e-02
8.931218400000001667e-02
8.182979100000001282e-02
4.699808400000000247e-02
3.640692799999999812e-02
1.039906899999999967e-01
7.909082599999998908e-02
1.368973889999999805e-01
1.911905150000000053e-01
1.507691700000000079e-01
5.951772499999999355e-02
8.491443499999998257e-02
9.759357000000000448e-02
5.979745000000000199e-02
1.367591900000000027e-01
1.541710649999999960e-01
1.332666350000000222e-01
1.220797699999999902e-01
2.718770000000000908e-02
6.492908000000000013e-02
9.868660999999999406e-02
2.042621950000000075e-01
2.181200350000000177e-01
1.300410700000000086e-01
9.074717000000000200e-02
6.041703449999999420e-02
1.884488954999999910e-01
1.262423000000000017e-01
6.124538999999999678e-02
2.015872400000000009e-01
2.988788300000000397e-01
1.976711799999999741e-01
1.338166900000000159e-01
5.867963649999999864e-01
6.374410249999998834e-01
1.762155499999999986e-01
7.400320280000000084e-02
6.002071280000000758e-02
4.804038999999997450e-02
1.221604999999999913e-01
1.600060499999999830e-01
5.592709999999997961e-02
9.824339999999999462e-02
1.227697999999999845e-01
1.159412999999999971e-01
1.124069750000000062e-01
9.003972499999997325e-02
8.915700500000002526e-02
2.096410300000000060e-01
2.809253550000000432e-01
2.113864399999999810e-01
8.122313999999999923e-02
1.031410999999999856e-01
1.356943250000000045e-01
1.383671240000000080e-01
8.898155099999999207e-02
2.644437999999999511e-01
2.545031500000000113e-01
1.107134050000000008e-01
1.269205050000000168e-01
1.032984000000000124e-01
1.872121999999999953e-01
1.981909999999999783e-01
2.018095500000000042e-01
1.897965149999999712e-01
2.031477149999999787e-01
1.799929500000000127e-01
2.108164499999999608e-01
2.787952000000000208e-01
2.000379519999999911e-01
1.990830479999999847e-01
1.145962500000000384e-01
1.234720200000000156e-01
1.039183900000000133e-01
1.644719600000000281e-01
2.536339700000000419e-01
1.326928599999999681e-01
5.406444000000003303e-02
4.452805000000000651e-02
1.942332200000000120e-01
1.548699250000000194e-01
5.922854050000000425e-01
5.312832999999999029e-01
2.736220999999999237e-01
8.831420000000000936e-02
6.233339999999998327e-02
4.371649999999995678e-02
1.518259499999999595e-01
2.202318499999999790e-01
3.016213000000000921e-01
2.747601999999999545e-01
7.682059999999997502e-02
1.026601499999999917e-01
3.128659999999997693e-02
1.353841999999999268e-01
1.397526499999999783e-01
1.316676999999999709e-01
7.022210000000002339e-02
1.512369500000000921e-01
7.537359999999999893e-02
5.770145000000000135e-02
1.093900000000000566e-01
2.513864999999999572e-01
1.656563499999998690e-01
1.731938499999999270e-01
8.453614999999997659e-02
4.830830000000004010e-02
2.374851499999998949e-01
2.192045999999999439e-01
2.051593999999999918e-01
3.135775500000000382e-01
1.418802499999999300e-01
1.429008999999999696e-01
2.152417500000000095e-01
1.219361000000000056e-01
2.077714999999999701e-01
2.469426499999999858e-01
2.380165000000001030e-01
1.886585000000000900e-01
4.927734999999997673e-02
8.535405000000001463e-02
1.167860000000000148e-01
1.835807000000000411e-01
1.700366000000000655e-01
2.736173000000001188e-01
2.530021000000000631e-01
2.323215999999999060e-01
1.260047499999999987e-01
1.872022500000000422e-01
2.873309000000000557e-01
3.520480999999999749e-01
3.198107000000000033e-01
1.854216000000000197e-01
2.195930999999999855e-01
2.579049999999999954e-01
1.279395500000000130e-01
6.208159999999997986e-02
3.938284000000000229e-01
5.554725500000000649e-01
