FramewiseDisplacement
8.491777000000000353e-01
5.279905000000001403e-01
1.542330000000000367e-01
1.106274000000000146e-01
2.245717000000002073e-01
1.956610000000000293e-01
2.356080999999999870e-01
1.708121000000002443e-01
1.903465000000001683e-01
3.599660999999999555e-01
2.084342999999999890e-01
2.241262999999998895e-01
3.465114999999998613e-01
3.899265999999998455e-01
3.494336999999998472e-01
1.876249000000002609e-01
1.955797000000001340e-01
1.979847999999998776e-01
1.467241999999997215e-01
1.063690000000002689e-01
2.708561999999998249e-01
2.172752999999999490e-01
1.498330499999999676e-01
2.799841499999998762e-01
3.171296999999999588e-01
2.460336999999999941e-01
2.744278999999998914e-01
1.603865000000000984e-01
1.190753000000001754e-01
1.907008999999999788e-01
3.866898000000000279e-01
1.627276999999999751e-01
3.338511999999999591e-01
2.974801999999999724e-01
1.371628999999999488e-01
1.842395000000001393e-01
2.196321999999999719e-01
2.238717000000000901e-01
1.792542000000000857e-01
2.027368999999999977e-01
1.550957899999999001e-01
1.259045900000000384e-01
2.117856999999999101e-01
2.623656400000000111e-01
2.087089600000000267e-01
2.185080000000000633e-01
1.812931999999999877e-01
9.528329999999991806e-02
2.869011999999999674e-01
2.635557999999998957e-01
1.984525000000000039e-01
1.597469000000001083e-01
2.411282999999999066e-01
3.202401000000000830e-01
1.976594000000000406e-01
1.843282300000000373e-01
2.517477300000000584e-01
2.525934999999999708e-01
1.484844999999999360e-01
3.454844999999999722e-01
3.136471000000000120e-01
1.532808000000000226e-01
1.802308000000001353e-01
2.558452999999998867e-01
2.085059000000000218e-01
2.072339000000000264e-01
1.927949999999999386e-01
3.590974000000000110e-01
2.170053999999999872e-01
1.499015000000001041e-01
1.318023999999999585e-01
1.699675999999999410e-01
1.036295000000000133e-01
1.893671999999999578e-01
1.043009999999999354e-01
1.051387000000000571e-01
1.777583999999999276e-01
2.876658999999999744e-01
2.407679000000000624e-01
1.392069999999999419e-01
9.119049999999997991e-02
1.491911999999999960e-01
9.292859999999995846e-02
2.544851000000000196e-01
1.992616000000000109e-01
2.099960399999999949e-01
2.296343399999999924e-01
1.085598000000000118e-01
1.644575700000000529e-01
8.873366999999995897e-02
2.336326999999999987e-01
1.819795999999999914e-01
2.982482899999999715e-01
4.572698899999999567e-01
2.751442000000000054e-01
1.539367999999999848e-01
1.588686500000000001e-01
1.444823999999999831e-01
2.841181500000000693e-01
4.246481999999999757e-01
3.506156500000000009e-01
1.687724500000000183e-01
2.047081500000000054e-01
2.659740000000000437e-01
1.235123000000000054e-01
1.539873000000000491e-01
2.078577500000000078e-01
1.455586999999999576e-01
1.704548500000000189e-01
1.144107949999999957e-01
1.887597000000000858e-01
1.731951999999999658e-01
2.796429999999999749e-01
3.937691050000000081e-01
2.295610999999999902e-01
2.495591000000000337e-01
2.164659999999999085e-01
1.887907500000000349e-01
2.664604499999999598e-01
2.463749050000000052e-01
1.699541550000000234e-01
1.523694224500000138e-01
2.092350224500000022e-01
7.203104999999997149e-02
1.760517500000000068e-01
1.116685000000000733e-01
1.202441499999999663e-01
1.476612999999999953e-01
2.361263850000000220e-01
1.529740349999999804e-01
1.096828500000000123e-01
1.087776500000000035e-01
1.434141500000000458e-01
1.221406000000000158e-01
3.064298000000000299e-01
2.844619349999999991e-01
2.372653499999999860e-01
1.818682849999999906e-01
1.225768199999999752e-01
9.293525000000001091e-02
1.793780999999999848e-01
6.519420000000000770e-02
1.740233999999999948e-01
1.536060499999999940e-01
6.909809999999998176e-02
2.106393000000000293e-01
2.488491000000000175e-01
2.613505199999999751e-01
3.030447500000000294e-01
3.420883050000000369e-01
1.502309599999999967e-01
1.490637649999999870e-01
2.111682000000000281e-01
1.895888150000000216e-01
1.386366649999999923e-01
2.037337799999999755e-01
9.193132000000001081e-02
1.253376850000000042e-01
8.523688500000001222e-02
1.350874949999999741e-01
1.707007450000000148e-01
1.875119500000000383e-01
1.226658999999999944e-01
1.559473499999999846e-01
5.918459999999999693e-02
9.302380000000001758e-02
8.871848000000000234e-02
2.199089700000000092e-01
1.989433349999999712e-01
2.845372649999999837e-01
1.836169500000000010e-01
1.578457999999999806e-01
3.156791999999999931e-01
2.145499500000000170e-01
5.672530000000002015e-02
1.103181500000000037e-01
1.949690999999999508e-01
1.507405599999999957e-01
1.387932100000000002e-01
2.002779999999999838e-01
1.145684000000000008e-01
1.510950500000000085e-01
2.180280500000000288e-01
2.269566500000000098e-01
1.581379499999999716e-01
2.814079499999999623e-01
2.240945850000000128e-01
1.202868850000000100e-01
1.998616999999999755e-01
2.745963149999999797e-01
1.557110149999999804e-01
1.006647299999999939e-01
2.810220699999999572e-01
3.129701999999999762e-01
2.479773500000000130e-01
8.207609999999997130e-02
1.113647750000000131e-01
9.679847500000000882e-02
1.348405600000000260e-01
2.245596100000000206e-01
2.032903500000000085e-01
2.994966000000000017e-01
2.069182000000000243e-01
1.873393999999999893e-01
1.923011000000000303e-01
1.667884500000000048e-01
1.938108099999999723e-01
2.768504099999999912e-01
2.982221500000000192e-01
1.243138000000000021e-01
1.950718999999999925e-01
2.651834000000000136e-01
1.198661500000000185e-01
3.051660550000000471e-01
1.222037450000000580e-01
1.003370000000000095e-01
1.228117499999999418e-01
5.573555000000005727e-02
1.553163499999999364e-01
2.363705500000000126e-01
1.912432000000000021e-01
2.080458499999999766e-01
4.259392800000000312e-01
4.062577799999999573e-01
1.848594999999999822e-01
1.913478000000000123e-01
1.313256999999999897e-01
4.847869999999993018e-02
1.152703499999999659e-01
8.196180000000000132e-02
1.694427500000000031e-01
1.487786999999999582e-01
2.667876499999999318e-01
2.148726500000000539e-01
2.671528499999999973e-01
1.681061999999999834e-01
1.357179000000000579e-01
1.405919330000000300e-01
3.014656170000000190e-01
3.971859999999999835e-01
3.017299999999999982e-01
3.513674999999999993e-01
3.226990000000000136e-01
1.574260000000000104e-01
2.521249999999999880e-01
2.776891999999999694e-01
1.598742000000000496e-01
1.754880000000000051e-01
3.889819000000000471e-01
1.904646499999999576e-01
2.242781000000000358e-01
1.193781499999999884e-01
3.087794999999999290e-01
2.323555000000000481e-01
2.450658000000000281e-01
3.466903000000000623e-01
3.911455500000000640e-01
2.202314500000000230e-01
1.530883499999999842e-01
1.312481650000000277e-01
9.432163500000001477e-02
1.526810849999999664e-01
1.980778349999999799e-01
7.589290000000004088e-02
1.342458499999999444e-01
2.195227999999999624e-01
2.525399500000000130e-01
3.160214999999999552e-01
1.301915000000000155e-01
1.751044500000000226e-01
1.835734499999999991e-01
2.149255499999999652e-01
2.251105500000000759e-01
1.103382999999999586e-01
3.023619999999999641e-01
4.072843405000000083e-01
2.091473404999999453e-01
2.736139999999999683e-01
1.925168499999999616e-01
1.405749000000000304e-01
1.382605500000000098e-01
1.413156999999999885e-01
3.543186499999999572e-01
2.429860000000000353e-01
2.334705099999999645e-01
3.236233099999999974e-01
5.045515999999999890e-01
1.360180500000000292e-01
3.390724500000000252e-01
3.293696999999999320e-01
5.261254000000000763e-01
3.274983499999999936e-01
1.114441500000000057e-01
9.644254999999993250e-02
4.851800500000000849e-01
4.227735499999999980e-01
3.534473010000001025e-01
1.764821610000000540e-01
2.000445099999999532e-01
