FramewiseDisplacement
5.281047499999999006e-01
1.633844500000000421e-01
8.441844999999997823e-02
1.032336550000000491e-01
6.310615499999999711e-02
1.544602999999999116e-01
9.662004999999992960e-02
2.086033800000000049e-01
2.168721199999999460e-01
1.135993500000000017e-01
7.245780000000005827e-02
3.912995000000000362e-02
9.328890000000004956e-02
4.997195000000002191e-02
4.179979999999999807e-02
1.246054500000000204e-01
2.570373500000000533e-01
1.299696100000000409e-01
7.572615999999998682e-02
6.166760050000000964e-02
6.653110049999995390e-02
1.024788999999999839e-01
8.251019999999997800e-02
6.917049000000000114e-02
1.036257149999999794e-01
3.138710250000000257e-01
2.868270500000000278e-01
2.834697000000000466e-01
2.359113499999999919e-01
7.143680000000003638e-02
5.818275000000003999e-02
8.392285000000004880e-02
3.265400000000005798e-02
3.988040000000001029e-02
1.407036999999999871e-01
5.996019999999997740e-02
6.218690000000001022e-02
4.824874999999999997e-02
3.144754999999999079e-02
6.319770000000005106e-02
1.047370500000000398e-01
3.809360000000003993e-02
8.193904999999999939e-02
5.141545000000002918e-02
5.660809999999999453e-02
6.425470000000002568e-02
4.883880000000001553e-02
7.811899999999998012e-02
1.461768499999999693e-01
2.522661500000000223e-01
7.791404999999999859e-02
8.792405000000000359e-02
3.702805000000002761e-02
7.270674999999997279e-02
9.954864999999998854e-02
8.511414999999998565e-02
4.003875000000001183e-02
6.076904999999998419e-02
6.308049999999998381e-02
7.224274999999999447e-02
2.657670000000000171e-02
6.254300000000001525e-02
3.658290000000000153e-02
7.058955000000000091e-02
9.031400000000001926e-02
6.202175000000002825e-02
6.767480000000000717e-02
2.824946700000000033e-01
3.304708799999999669e-01
1.287418499999999910e-01
5.445094999999999102e-02
6.085270000000000262e-02
9.744720000000001159e-02
8.526475000000000026e-02
8.836014999999999842e-02
1.909960499999999728e-01
2.723263499999999948e-01
1.679057999999999939e-01
2.127603000000000133e-01
7.018380000000000452e-02
1.322941599999999940e-01
5.283126500000000225e-02
8.572916500000000994e-02
4.249040999999999929e-02
2.148992500000000139e-01
2.290128499999999900e-01
6.756635000000002500e-02
7.116485000000000172e-02
6.336769999999999903e-02
1.164383000000000085e-01
9.016455000000000997e-02
6.524330000000000407e-02
9.070410000000000972e-02
5.810624000000000344e-02
3.721464500000000453e-02
1.153555050000000110e-01
8.588659999999999350e-02
4.631304999999999450e-02
5.764704999999999135e-02
9.579174999999999496e-02
5.194304999999999062e-02
6.110439999999998928e-02
5.349380000000000107e-02
5.567694999999999589e-02
7.802839999999998388e-02
4.414819999999999856e-02
1.158700000000000875e-02
5.173780000000001433e-02
1.348613100000000120e-01
7.834140999999998634e-02
6.229630000000001278e-02
2.121339999999999337e-02
6.780524999999999747e-02
3.580654999999999255e-02
3.213914999999999828e-02
3.413155000000001049e-02
4.214564999999999978e-02
3.852899999999999381e-02
8.335632999999999238e-02
5.359558999999999851e-02
4.657484999999998709e-02
7.273884500000001030e-02
3.781149149999999959e-01
2.816029500000000185e-01
1.940458499999999920e-01
6.129636999999999586e-02
7.219128199999999551e-02
7.180421200000000614e-02
8.678848000000000118e-02
2.829215499999999592e-02
6.980118500000001558e-02
1.671959999999999419e-02
6.249919499999999351e-02
5.371622499999999245e-02
3.535364500000000298e-02
7.234392500000000337e-02
8.598668000000000977e-02
8.459190400000000942e-02
2.450131100000000478e-02
6.078469000000000233e-02
4.148650499999999991e-02
6.021313900000000580e-02
7.431262900000000504e-02
4.745700999999999392e-02
6.564054499999999459e-02
7.187439999999999107e-02
8.830399499999998236e-02
5.959652999999999479e-02
4.736524999999999763e-02
4.263688300000000042e-02
2.466314399999999796e-02
6.551122399999999291e-02
6.952188000000000812e-02
5.682732500000000492e-02
4.670173000000001073e-02
6.380406550000000676e-02
9.935184949999999182e-02
6.719532999999999756e-02
5.835017500000000412e-02
1.003287149999999989e-01
5.776200999999999558e-02
5.849205499999998725e-02
1.314415499999999244e-02
4.093290150000000183e-01
3.425411149999999516e-01
1.678411200000000103e-01
5.252293500000000670e-02
1.931137000000000478e-02
9.242151000000001226e-02
1.004333900000000113e-01
7.329629000000000005e-02
3.104177999999999105e-02
9.957266999999997426e-02
7.493234999999999479e-02
2.811578999999998774e-02
4.595933999999998743e-02
7.330424999999998747e-02
4.984581000000000428e-02
4.416609999999999980e-02
5.816215000000002355e-02
6.082544799999999724e-02
2.488468199999998784e-02
4.994695999999999858e-02
9.000550999999999691e-02
6.048124999999998641e-02
1.660672600000000221e-01
1.716881100000000326e-01
8.040579000000000476e-02
7.267939000000001037e-02
1.080784099999999859e-01
1.311158499999999782e-01
9.945149999999999824e-02
5.632964999999998112e-02
9.127905000000000046e-02
7.486155000000001281e-02
5.026796000000002818e-02
7.108513999999999111e-02
6.414995000000001113e-02
7.174814999999998277e-02
1.651946499999999984e-01
6.229127000000003744e-02
6.613616999999999413e-02
4.383399999999998409e-02
3.645781000000001409e-02
7.381876000000002491e-02
4.223769999999999608e-02
4.416780000000000705e-02
5.768680000000001723e-02
5.010080000000001477e-02
5.371969999999999523e-02
2.000729999999996400e-02
3.193960000000003324e-02
1.531695999999999891e-01
1.870067050000000231e-01
1.169748050000000011e-01
1.255019999999999747e-01
9.979799999999998394e-02
2.164665000000001380e-02
5.383620000000001460e-02
4.396630000000002064e-02
6.534940000000000193e-02
3.349090000000000400e-02
6.937590000000000423e-02
1.543619499999999978e-01
7.502710000000002710e-02
1.209237500000000243e-01
5.473859999999998449e-02
8.149011000000000449e-02
1.102662599999999909e-01
8.948604999999999754e-02
1.932610999999999912e-01
3.608628499999999573e-01
1.834130499999999386e-01
1.671097999999999750e-01
1.707583000000000018e-01
9.632994999999996977e-02
9.167674999999998742e-02
1.840399999999996900e-02
1.553973999999999911e-01
5.005385000000001083e-02
8.395564999999997891e-02
1.038566500000000226e-01
1.829121999999999970e-01
1.055526999999999993e-01
6.675900000000001278e-02
6.838999999999995083e-02
1.155157500000000004e-01
5.671975000000001321e-02
3.319059999999998678e-02
5.536809999999998261e-02
1.159204500000000082e-01
6.424765000000003112e-02
4.506280000000000702e-02
5.925954999999998030e-02
9.545924999999993998e-02
1.004634000000000499e-01
3.476855000000000917e-02
1.067795499999999870e-01
7.301330000000003095e-02
6.524254999999995475e-02
4.335334999999997802e-02
1.476591499999999613e-01
8.867129999999999457e-02
6.323024999999997398e-02
6.770999999999999241e-02
2.935749999999998430e-02
1.031534999999999813e-01
4.384799999999999809e-02
6.745350000000004120e-02
6.768399999999999417e-02
3.330750000000001071e-02
3.652150000000000535e-02
4.809349999999994879e-02
3.728050000000002195e-02
5.867049999999998655e-02
5.126549999999999163e-02
8.333850000000000979e-02
8.640550000000001007e-02
3.166850000000001608e-02
2.271235000000000059e-01
2.019699999999999829e-01
1.180354999999999877e-01
1.794574999999999920e-01
1.407744999999999969e-01
7.308249999999999469e-02
1.097899999999999571e-01
1.696045000000000191e-01
6.249459999999999044e-02
1.236711999999999950e-01
4.123364999999996200e-02
4.594215000000002880e-02
9.815079999999995475e-02
8.546865000000002099e-02
6.222314999999992158e-02
4.731050000000003308e-02
2.889064999999994832e-02
9.921665000000001733e-02
1.961509499999999628e-01
3.639895499999999950e-01
