FramewiseDisplacement
4.574594900000000242e-01
2.869233099999999870e-01
9.715885000000006044e-02
2.857464999999997229e-02
5.378245000000000248e-02
4.438149999999999040e-02
6.147829999999999268e-02
8.524720000000006459e-02
6.805590000000000250e-02
3.010045000000000082e-02
6.565465000000002271e-02
4.477695000000002368e-02
6.394409999999998984e-02
2.465884999999998564e-02
3.220264999999999933e-02
2.303672000000001399e-02
5.370442000000000271e-02
1.302055999999999492e-01
5.579069999999999169e-02
3.787349999999999051e-02
9.895529999999998216e-02
6.875280000000003056e-02
6.769580000000002817e-02
5.463500000000000301e-02
6.556829999999999603e-02
4.894155000000000033e-02
3.460565000000001556e-02
3.971529999999998117e-02
8.080444999999999989e-02
4.717854999999997884e-02
5.259014999999998830e-02
4.352178000000001684e-02
3.485726000000000796e-02
3.394571999999999867e-02
3.232723999999999320e-02
4.679929999999998813e-02
2.923889999999999476e-02
3.939095999999998182e-02
2.784527999999997921e-02
4.247575000000000656e-02
2.983627000000001542e-02
3.578158500000001158e-02
2.933036500000000754e-02
2.835744999999999932e-02
2.562539999999999263e-02
4.191580000000000306e-02
3.198560000000000986e-02
5.229589999999998545e-02
4.371934999999999710e-02
2.842069999999998625e-02
2.062879999999998534e-02
9.479040499999999425e-02
3.097430500000000059e-02
1.944779999999999773e-02
6.836890000000001022e-02
3.808472999999998332e-02
4.140173000000000464e-02
1.813455000000000622e-02
2.916614999999999486e-02
4.841933999999999821e-02
4.610494999999999871e-02
5.218829000000001217e-02
4.300475000000000131e-02
1.578989999999999561e-02
2.459045000000001369e-02
3.008914999999999507e-02
1.962430000000000424e-02
2.367955000000000754e-02
3.373625000000000235e-02
5.208201999999999277e-02
5.988377000000000283e-02
2.227391000000001134e-02
4.800387000000001791e-02
5.000423999999997760e-02
5.117640500000000814e-02
5.160156999999999244e-02
4.093485999999998959e-02
4.095412000000001745e-02
6.649619499999999406e-02
7.119969999999999077e-02
1.499020000000000075e-01
9.318302999999998615e-02
2.433103999999999476e-02
6.737980999999998444e-02
1.474289999999999629e-02
3.403293849999999843e-02
8.551663850000000566e-02
4.843160000000000520e-02
8.658269999999998467e-02
2.704179999999998044e-02
2.939469999999999930e-02
2.301465000000000802e-02
4.135158500000000320e-02
5.560585500000000958e-02
3.519551500000000360e-02
5.743402499999999966e-02
2.088049999999998588e-02
2.130449999999999358e-02
4.007691999999999505e-02
4.938341999999999732e-02
5.889823499999999323e-02
5.231809500000002278e-02
4.977564999999999767e-02
3.177793399999999380e-02
6.089119900000000002e-02
6.877283499999999050e-02
6.105709149999999363e-02
4.101980149999998743e-02
7.556354999999999322e-02
3.515940999999998817e-02
3.645675500000000735e-02
6.022377999999999759e-02
3.556092500000000017e-02
6.349774499999999433e-02
2.202596999999999541e-02
6.576796999999998117e-02
7.046619500000000924e-02
4.342857499999999704e-02
3.454139999999999988e-02
3.191914999999998642e-02
7.164975000000001204e-02
5.337176500000000157e-02
3.453186500000000186e-02
2.860350000000000392e-02
3.293775000000000175e-02
9.838094999999999479e-02
3.662742500000000512e-02
4.834417499999999618e-02
2.879787999999999792e-02
7.738702500000001205e-02
5.539157499999999151e-02
5.225182000000000437e-02
4.939788500000000249e-02
3.636163000000000589e-02
4.158627000000000851e-02
8.223402000000000489e-02
4.154225000000000279e-02
5.355383999999999839e-02
3.265574999999999728e-02
6.226708499999999286e-02
3.547747500000000137e-02
2.540327000000000210e-02
2.155245499999999814e-02
4.214078500000000005e-02
4.527930499999999192e-02
7.224475499999999384e-02
1.050010349999999926e-01
3.993668000000000218e-02
5.741112900000000518e-02
5.631054300000000457e-02
4.134614200000000239e-02
4.766577999999999787e-02
4.913286499999999779e-02
3.653912999999999606e-02
4.640826499999999716e-02
5.197427999999999770e-02
8.514025999999999539e-02
9.164558500000000163e-02
4.868169000000000662e-02
6.927621000000000473e-02
7.708258500000000901e-02
5.371742499999999920e-02
3.825520499999999352e-02
2.267881500000000147e-02
3.587398999999999449e-02
5.172174999999998996e-02
3.914409999999999418e-02
5.222714999999999302e-02
7.683919999999999639e-02
2.351345000000000518e-02
5.162342999999999793e-02
1.884172999999999751e-02
3.544891000000000014e-02
6.689953999999999346e-02
4.748513000000000039e-02
7.759693000000000840e-02
5.478295999999999860e-02
4.079856000000000454e-02
3.161132499999999568e-02
3.483102500000000157e-02
1.957572499999999868e-02
6.631255500000000913e-02
4.740194500000000088e-02
8.525036499999999462e-02
3.820926999999998963e-02
4.589076000000001654e-02
4.206489500000000492e-02
8.256176499999999530e-02
8.231257999999998243e-02
5.621419000000000415e-02
4.071787999999999796e-02
3.192249999999999255e-02
5.299076999999999954e-02
5.711772000000000377e-02
5.348092000000000124e-02
6.684935999999999656e-02
6.315568999999998656e-02
3.060080000000000439e-02
5.285570000000000546e-02
7.076450000000003224e-03
4.684509999999999369e-02
3.321174999999999822e-02
3.774774999999999658e-02
2.849425000000000568e-02
4.469125000000000875e-02
2.114825000000000038e-02
2.460559999999999137e-02
4.045170000000000710e-02
4.750274999999998943e-02
7.579214999999998870e-02
1.574764000000000164e-01
6.133430000000002214e-02
4.184996000000001937e-02
3.202000999999999459e-02
3.799034999999999218e-02
2.496604999999997923e-02
3.883880000000003441e-02
3.439220000000001165e-02
4.455570000000000364e-02
3.732410000000001282e-02
2.821475000000000372e-02
3.496690000000002990e-02
5.954074999999997564e-02
4.887625000000000997e-02
4.312925000000000092e-02
6.028499999999999137e-02
5.197614999999999180e-02
4.440759999999999152e-02
4.650559999999998723e-02
2.480954999999997884e-02
9.202003999999999739e-02
1.255531900000000090e-01
6.963535000000002639e-02
6.206554999999997629e-02
5.231469999999999176e-02
5.421269999999998868e-02
2.115724999999998857e-02
5.936235000000000817e-02
2.730635000000000701e-02
7.949204999999998078e-02
4.162210000000000909e-02
5.656345000000001511e-02
8.129249999999998977e-02
6.046165000000000567e-02
7.723304999999996978e-02
2.396785000000000929e-02
7.068014999999999715e-02
9.222314999999998986e-02
1.354986499999999983e-01
9.000439999999997054e-02
1.686258999999999952e-01
1.254663999999999779e-01
7.643379999999999619e-02
1.029643000000000086e-01
7.132959999999997913e-02
6.770130000000000592e-02
7.638090000000000157e-02
4.862620000000000831e-02
1.094713999999999965e-01
2.165209999999999357e-01
5.143503999999998744e-01
5.980742600000000797e-01
2.664315600000000117e-01
2.174791999999999836e-01
1.895320000000000338e-01
7.536489999999999856e-02
9.629740000000004685e-02
1.306125999999999954e-01
1.316242000000000245e-01
9.278169999999999473e-02
8.079949999999996857e-02
1.512274999999999869e-01
4.810730000000001949e-02
9.058480000000002086e-02
3.291186999999997503e-02
3.493139699999997516e-02
7.819122699999997428e-02
4.313492000000000715e-02
8.850591999999998793e-02
6.730123999999998441e-02
6.911970000000003389e-02
7.291477000000001762e-02
5.250717999999997970e-02
9.417638999999998484e-02
5.839849599999999419e-02
5.630351600000003259e-02
5.806954000000000282e-02
4.912229999999999375e-02
4.321719999999999728e-02
6.602579999999999560e-02
6.316375000000004625e-02
3.211305000000003185e-02
3.625660000000004157e-02
1.075614000000000015e-01
6.670334999999998071e-02
4.440625000000000128e-02
4.850049999999999500e-02
3.228665000000000007e-02
6.892104999999999759e-02
