FramewiseDisplacement
5.324435000000000695e-01
1.152194999999999331e-01
4.438419999999999588e-01
2.093248999999999804e-01
2.237156999999998230e-01
1.624631999999999465e-01
4.200296000000000030e-01
4.424563000000000246e-01
3.709817000000001364e-01
3.538618999999999515e-01
1.321450000000000125e-01
2.158887999999999641e-01
2.232181999999998112e-01
2.911119200000000240e-01
2.337208800000000475e-01
1.642799999999999538e-01
6.765460000000003693e-02
1.997046999999999850e-01
1.416397000000000073e-01
1.097153000000000295e-01
6.681567999999994678e-02
1.056253799999999493e-01
7.469969999999991062e-02
1.075724999999999598e-01
1.544605999999999479e-01
1.361968000000000067e-01
8.415900000000006709e-02
1.354173000000000460e-01
1.933520000000000516e-01
9.055939999999994272e-02
9.821319999999997274e-02
5.079364999999995411e-02
1.358691499999999941e-01
9.151800000000004376e-02
1.480203000000000213e-01
3.026431400000000327e-01
1.114122399999999818e-01
7.611867000000004102e-02
7.552217000000004121e-02
1.746843350000000239e-01
1.933847900000000286e-01
8.604594999999998217e-02
2.072307499999999358e-01
1.460964249999999742e-01
6.276775000000005267e-02
8.721053000000007771e-02
8.342214499999998922e-02
4.583587499999997733e-02
3.804135000000000849e-02
8.284049999999996972e-02
6.023570999999999093e-02
6.880931999999997939e-02
1.009519715000000706e-01
7.808928850000002031e-02
5.620384999999999964e-02
5.683454999999999757e-02
5.995094999999999591e-02
4.679649999999996313e-02
8.476035999999997905e-02
1.105748600000000248e-01
4.354560000000003150e-02
8.276199999999997448e-02
9.343315000000002035e-02
5.265739999999995147e-02
7.275995000000000379e-02
1.266640000000000266e-01
4.839589999999997783e-02
6.943714999999997528e-02
7.372849999999994686e-02
2.310105000000002920e-02
1.108938499999999883e-01
1.154157499999999836e-01
4.092575000000001767e-02
4.114350000000002033e-02
7.133784999999999432e-02
9.347909999999996777e-02
1.540171399999999968e-01
1.181527599999999539e-01
5.987824999999996622e-02
7.607210000000001748e-02
5.938454999999998735e-02
7.120280000000001053e-02
1.012205000000000188e-01
2.926849999999999938e-02
1.279209500000000055e-01
1.202753900000000237e-01
4.199656500000003428e-02
9.677150000000001029e-02
5.661521500000000345e-02
6.150798999999999156e-02
1.002560000000000118e-01
7.325564999999999161e-02
9.625225000000002529e-02
6.075005000000001376e-02
7.311863999999999864e-02
8.391744000000002368e-02
1.222310000000000930e-02
6.041907000000000527e-02
9.907762000000000513e-02
9.676304999999997547e-02
9.976084999999998426e-02
4.202440000000001036e-02
5.290410000000000945e-02
4.305074999999999874e-02
1.070172499999999943e-01
3.718755000000002059e-02
1.716348000000000040e-01
6.879200000000001980e-02
1.051299999999999873e-01
8.195290000000000907e-02
6.260267499999999652e-02
1.449905750000000104e-01
1.010434500000000069e-01
3.351800000000002000e-02
8.883555000000001312e-02
1.355167000000000177e-01
1.390453000000000106e-01
1.127026650000000074e-01
5.585643499999998901e-02
1.259276699999999916e-01
6.630793999999999577e-02
5.984800000000001924e-02
8.385577500000000739e-02
6.845266499999998200e-02
1.086183999999999761e-01
1.568020194999999728e-01
2.033591254999999876e-01
1.894832999999999934e-01
1.158101700000000456e-01
6.031510999999999123e-02
5.310614000000001694e-02
4.563814999999999539e-02
8.653470999999998692e-02
4.335622999999999561e-02
6.167805000000001203e-02
1.032153149999999880e-01
5.906729000000000840e-02
1.493221654999999926e-01
1.969363744999999832e-01
1.643833650000000035e-01
7.443834499999998910e-02
1.342803350000000007e-01
2.161435300000000281e-01
2.537764700000000317e-01
1.489502199999999943e-01
6.795170000000000377e-02
6.308434599999999948e-02
5.272348900000000532e-02
1.076284400000000058e-01
1.190098225000000010e-01
4.215916850000000354e-02
6.955059199999999442e-02
7.672600999999999727e-02
1.357365544999999951e-01
9.028654999999999320e-02
6.968981550000000191e-02
2.942209999999999964e-02
5.502484000000000541e-02
5.807305099999999359e-02
2.113896100000000125e-02
6.407234000000000540e-02
6.045048000000000088e-02
5.300946999999999604e-02
5.503193000000000668e-02
4.030448499999999407e-02
2.153172000000000419e-02
7.977286499999999836e-02
1.264796800000000387e-01
7.003660999999999914e-02
6.421818599999999655e-02
7.284868400000001076e-02
5.998559999999999309e-02
3.394221000000000737e-02
7.985573000000001365e-02
5.052996500000001001e-02
1.108058850000000206e-01
7.926470500000001862e-02
1.538853550000000014e-01
9.177970000000000572e-02
1.629042200000000162e-01
1.477228499999999889e-01
1.418053750000000113e-01
1.301149850000000163e-01
8.421365999999999574e-02
5.542895000000000461e-02
1.587526800000000071e-01
1.328189399999999964e-01
6.087084000000000938e-02
4.922340000000000049e-02
9.702864999999999407e-02
1.099905000000000188e-01
6.239165000000000683e-02
7.344742999999998023e-02
3.805422000000003441e-02
4.878224999999999228e-02
6.344839999999998814e-02
1.139237499999999903e-01
4.414439999999999337e-02
8.419389999999998819e-02
7.510459999999999359e-02
5.579175000000000800e-02
2.448024500000000603e-01
1.838303500000000035e-01
1.798499100000000295e-01
1.432004600000000294e-01
7.437702000000001590e-02
8.860372999999997778e-02
6.937564999999999704e-02
9.687734999999995933e-02
8.611959999999999060e-02
1.012992500000000212e-01
3.788255000000000094e-02
5.478374999999999218e-02
9.986335000000000350e-02
7.308040000000001757e-02
4.372188149999998302e-02
3.870082849999998548e-02
6.026282099999998032e-02
6.771039599999997827e-02
6.200020999999997923e-02
1.009562200000000132e-01
1.907687120000000347e-01
2.046233369999999607e-01
1.209136000000000655e-01
9.120657999999998156e-02
3.867851799999993956e-02
8.546100199999998037e-02
7.771724999999998773e-02
1.476813999999999905e-01
1.589673000000000336e-01
1.070578600000000324e-01
4.951930000000002302e-02
7.220135000000005299e-02
8.385075000000002943e-02
5.241551999999999323e-02
4.690454000000000845e-02
3.370361000000000190e-02
8.997630000000000905e-02
7.505045499999997427e-02
1.040220550000000299e-01
1.146938749999999729e-01
1.267091249999999780e-01
1.557776000000000438e-01
1.284692100000000003e-01
8.817784499999999082e-02
2.827387149999999738e-01
1.220683499999999921e-01
1.253205000000000846e-01
7.588946500000004480e-02
7.607061500000002197e-02
1.106840500000000199e-01
5.191300000000007020e-02
5.538535000000002068e-02
6.589710000000001400e-02
2.998084999999999986e-02
7.798919999999992525e-02
8.514825000000003641e-02
4.738790000000002445e-02
6.891285500000003672e-02
7.229147499999998006e-02
8.832877000000000089e-02
8.909145000000003034e-02
1.016529000000000321e-01
3.258877000000001689e-02
2.366952500000003845e-02
4.786060500000002826e-02
6.468570000000002651e-02
8.194630000000002745e-02
9.017909999999995652e-02
1.066316999999999959e-01
1.026869000000000115e-01
4.659349999999998215e-02
1.846314000000000011e-01
2.179697500000000177e-01
9.004224999999999035e-02
7.636939999999987905e-02
9.352050000000006191e-02
5.472999999999999393e-02
6.881074999999994835e-02
4.831325000000002978e-02
7.989770000000007144e-02
1.078012499999999735e-01
1.137184500000000265e-01
3.439249999999999252e-02
9.544650000000003132e-02
2.924499999999997935e-02
3.875699999999995815e-02
9.199149999999994831e-02
1.756864999999999399e-01
8.113430000000003417e-02
5.306145000000000306e-02
8.349824999999996833e-02
7.165170000000012362e-02
5.126274999999989174e-02
5.371224999999993366e-02
1.199414000000000036e-01
6.799074999999996094e-02
3.532490000000003405e-02
9.816184999999995331e-02
