FramewiseDisplacement
5.614650000000001029e-01
4.369935000000000347e-01
4.256655000000000300e-01
2.925125000000000086e-01
7.248759999999999648e-01
1.213404000000000149e+00
1.345843000000000345e+00
6.400849999999999040e-01
6.654205000000001924e-01
4.709899999999997977e-01
3.693749999999998979e-01
4.026520000000002875e-01
3.446575000000000610e-01
4.897020000000001927e-01
3.642280000000001072e-01
1.690125000000002042e-01
1.834619999999997086e-01
2.454419999999998547e-01
7.540849999999948983e-02
1.895694999999997243e-01
8.742810000000000858e-01
1.056779500000000427e+00
3.849580000000001334e-01
4.144059999999998301e-01
1.831504999999996885e-01
1.071835500000000163e+00
4.962689999999997936e-01
5.572369999999997603e-01
4.797324999999997286e-01
3.501734999999998044e-01
2.818705000000002459e-01
4.730343499999999368e-01
3.535400499999999391e-01
3.654330500000001480e-01
1.821601499999998541e-01
3.635597999999998775e-01
3.518320500000000628e-01
1.832786500000001817e-01
2.267990000000003892e-01
9.622950000000043969e-02
3.041345000000000298e-01
7.629035000000001787e-01
2.175539500000000182e+00
6.819652500000000783e-01
1.228815499999999838e+00
8.436121500000000051e-01
5.209532500000001454e-01
5.692448500000002465e-01
2.346870000000000900e-01
3.602889999999998594e-01
2.712630000000001429e-01
2.545406499999999239e-01
1.677699499999999455e-01
2.821870999999997465e-01
3.233566000000000495e-01
2.572992899999999583e-01
3.947190950000000753e-01
2.167546150000000393e-01
1.917512199999998335e-01
2.517464000000000923e-01
2.436633500000000008e-01
3.479418999999998596e-01
4.217479499999998716e-01
2.095612499999999767e-01
1.762237999999999305e-01
9.657920000000000393e-02
4.169101999999998975e-01
1.921569499999999930e+00
1.253722400000000015e+00
3.789913999999999783e-01
3.774239999999999817e-01
2.221404999999999630e-01
4.450596500000000288e-01
3.178703499999999682e-01
3.588294499999999942e-01
3.626759500000000247e-01
4.941947500000001270e-01
7.109594499999999373e-01
3.667201000000000488e-01
4.646976000000000995e-01
3.150285999999999920e-01
5.333425499999999708e-01
2.807768500000000222e-01
2.368977799999999190e-01
1.530462799999999790e-01
4.509242400000000872e-01
6.826380999999999144e-01
5.593206000000000566e-01
9.356887999999999872e-01
4.704974000000000101e-01
4.832779999999999854e-01
3.845789499999999750e-01
4.508457500000000451e-01
3.340153000000000705e-01
2.602936999999999612e-01
1.496828999999999799e-01
2.345686999999999911e-01
4.702686000000000366e-01
3.928324600000001054e-01
2.951308100000000212e-01
2.197339500000000945e-01
1.574894999999999212e-01
2.229975999999999625e-01
2.093424499999999300e-01
3.032934999999998826e-01
2.606972999999999097e-01
1.397519500000000137e-01
1.015913999999999845e-01
1.938488999999999907e-01
7.042475000000000263e-01
2.503087000000000506e-01
2.631900000000000350e-01
7.448796999999999224e-01
8.060044999999999016e-01
3.137750000000000261e-01
9.465100000000001290e-02
1.839362999999999970e-01
1.883847999999999634e-01
2.384605999999999948e-01
1.438200000000000311e-01
1.504260999999999793e-01
1.437841999999999731e-01
2.714086620000000227e-01
5.116007619999999312e-01
1.326907999999999754e+00
2.558950000000000391e-01
1.681270000000000542e-01
1.867075000000000817e-01
1.606434999999999669e-01
1.583019999999999428e-01
1.562744999999998996e-01
1.573284999999999545e-01
2.126689999999999969e-01
1.050579999999999847e-01
7.766804999999999959e-01
1.060224900000000137e+00
4.240352500000000302e-01
5.395325000000000815e-01
2.692644000000000148e-01
7.627273499999999151e-01
1.872625580000000012e+00
5.037893700000001251e-01
6.706074500000001049e-01
4.994772500000000948e-01
7.704946999999999768e-01
6.496265000000001066e-01
6.994012000000001672e-01
6.453356999999998456e-01
5.197715499999999711e-01
1.261191259999999925e+00
3.249074000000000684e-01
8.578460999999999448e-01
2.674855700000000613e-01
7.298898000000002273e-02
4.368448600000000015e-01
2.395200000000000107e-01
2.349616700000000391e-01
5.067039299999999136e-01
1.200798810000000216e+00
5.938922999999999286e-01
2.515438500000000133e-01
1.361012899999999970e+00
5.242151000000000449e-01
2.076373999999998332e-01
2.554326000000000096e-01
1.179251199999999722e+00
1.917483799999999405e+00
7.969212300000000360e-01
3.638966800000000279e-01
6.023117499999999236e-01
3.245735999999999621e-01
3.956696000000000657e-01
1.287859999999999838e-01
1.702260000000000162e-01
1.143854999999999872e-01
9.148370000000000113e-01
4.346627299999999972e-01
6.241927700000000634e-01
3.835423400000000926e-01
2.617610400000000004e-01
2.285447000000000450e-01
1.019915000000000266e-01
1.706755000000000078e-01
2.440519999999999634e-01
2.049854999999999872e-01
9.512049999999996897e-02
4.556144999999999778e-01
1.374660000000000049e-01
1.998060000000000669e-01
3.545800000000000063e-01
2.048320000000000418e-01
2.690785000000000537e-01
3.320625000000000382e-01
1.377605000000000635e-01
1.190575000000000105e-01
1.183939999999999715e-01
2.040020999999999640e-01
3.737279999999999491e-01
1.830490999999999091e-01
2.445866999999999902e-01
2.514937999999999341e-01
1.917702999999999491e-01
1.721902999999999351e-01
1.226526000000000283e-01
2.314951000000000370e-01
9.165090999999998544e-01
3.405007000000000450e-01
8.753130999999998441e-01
5.915616550000000196e-01
3.129502550000000105e-01
2.831904999999999561e-01
1.195070759999999899e+00
2.313591399999999632e-01
3.703365999999999603e-01
8.147008000000001138e-01
4.517240999999999618e-01
7.484210299999999316e-01
2.227138900000000254e-01
4.737403199999999925e-01
3.823180300000000309e-01
3.270949100000000165e-01
1.971668999999999783e-01
1.011987000000000025e-01
2.209798000000000040e-01
1.253596000000000155e-01
1.458552999999999933e-01
1.761347000000000051e-01
1.708988999999999370e-01
2.181434000000000151e-01
1.976636999999999977e-01
1.017110000000000097e-01
1.072331999999999730e-01
2.477205000000000101e-01
4.353187500000000321e-01
1.323529499999999970e-01
4.953405000000000169e-01
4.977835000000000454e-01
5.567927000000000293e-01
4.564355199999999835e-01
1.710296069999999446e-01
1.302827670000000215e-01
6.761247499999999411e-01
3.079219200000000711e-01
2.552277700000000205e-01
2.330663400000000107e-01
2.726885900000000085e-01
5.029461399999999305e-01
3.280722699999999992e-01
1.464165900000000131e-01
1.427163899999999985e-01
9.555519999999997904e-02
8.359240000000003890e-02
1.751006999999999703e-01
2.128365999999999592e-01
3.430415999999999466e-01
3.544962999999999309e-01
2.640968999999999678e-01
2.602079000000000475e-01
2.805738999999999872e-01
1.546281200000000078e-01
1.673310180000000535e-01
2.678120079999999903e-01
2.423312299999999253e-01
1.716174000000000588e-01
1.181910800000000178e-01
1.052427799999999802e-01
1.242635999999999602e-01
1.236838999999999855e-01
1.680081999999999964e-01
2.174550999999999845e-01
3.156281000000000225e-01
2.947937000000000474e-01
1.575788000000000466e-01
9.682049999999994827e-02
9.708344999999996006e-02
2.000527000000000000e-01
4.162293500000000535e-01
9.584523000000000348e-01
8.030624000000000651e-01
5.441634999999999112e-01
1.069910000000000583e-01
3.507050999999999918e-01
3.764234000000000746e-01
7.203130000000000921e-01
5.498617999999999562e-01
4.473779500000000242e-01
2.898468500000000447e-01
5.212497000000000380e-01
1.912638999999999867e-01
1.454568999999999446e-01
1.848203000000000207e-01
2.967246999999999524e-01
2.791344000000000602e-01
3.594855999999999607e-01
4.719438999999999718e-01
3.056204000000000143e-01
9.837209999999999011e-02
1.386367000000000849e-01
2.042401000000000078e-01
