FramewiseDisplacement
6.566276999999998143e-01
4.723205499999999502e-01
2.199806499999999998e-01
1.059366999999999531e-01
1.844580000000000386e-01
1.012113500000000610e-01
3.622986999999999735e-01
3.007040500000000005e-01
9.370715000000000294e-02
3.155008999999999175e-01
2.154935699999999676e-01
1.752225199999999650e-01
2.353530499999999803e-01
1.628425300000000686e-01
2.710662800000000483e-01
3.370018499999999917e-01
1.918832500000000052e-01
2.901819500000000218e-01
1.996329999999999771e-01
3.681281849999999967e-01
4.455269150000000233e-01
3.368215499999999696e-01
1.843586000000000669e-01
3.073218700000000525e-01
1.317595699999999925e-01
1.323080600000000051e-01
2.280334599999999101e-01
1.204757500000000481e-01
1.763705500000000426e-01
1.202088549999999478e-01
1.978871799999999959e-01
2.717460350000000524e-01
1.870230949999999726e-01
2.817303549999999879e-01
1.973961599999999872e-01
2.139159800000000056e-01
3.041699999999999959e-01
3.733070099999999947e-01
2.219099499999999947e-01
2.829986400000000235e-01
1.661329199999999617e-01
1.450849399999999678e-01
2.964653099999999819e-01
1.460585429999999851e-01
2.301504629999999996e-01
3.795059769999999943e-01
3.290971220000000752e-01
1.527956890000000401e-01
2.479280150000000016e-01
3.404349449999999333e-01
1.310184199999999410e-01
2.461405499999999580e-01
1.891831700000000116e-01
1.226292100000000440e-01
1.128220100000000142e-01
1.764927400000000091e-01
1.485697699999999621e-01
2.276533299999999593e-01
2.937252350000000289e-01
1.198609749999999669e-01
1.653955669999999656e-01
1.370000959999999601e-01
1.622200010000000303e-01
2.331820700000000190e-01
1.810116349999999208e-01
2.732125849999998968e-01
2.509264100000000441e-01
1.460954800000000553e-01
2.024663500000000171e-01
2.912610400000000266e-01
1.873923649999999497e-01
1.775112049999999775e-01
2.924488399999999322e-01
6.912918699999999195e-01
5.178420200000000140e-01
2.254725299999999766e-01
1.978974299999999575e-01
9.493595000000001893e-02
2.376754500000000381e-01
3.508423499999999695e-01
2.937572999999999990e-01
1.242062500000000042e-01
2.240321949999999895e-01
2.603476450000000164e-01
2.463064399999999599e-01
2.716358799999999962e-01
1.849757400000000274e-01
4.690935299999999808e-01
3.387439700000000609e-01
3.473800799999999800e-01
5.901746199999998721e-01
3.592106499999999647e-01
3.115979764999999846e-01
2.794689385000000970e-01
4.775626600000000277e-01
4.844502449999998905e-01
3.851904500000000175e-01
1.632542999999999911e-01
2.268073599999999579e-01
3.808965749999999595e-01
3.250101850000000070e-01
1.263363400000000192e-01
2.609064099999999775e-01
4.268155600000000383e-01
2.494492649999999756e-01
1.741173199999999921e-01
3.277821949999999429e-01
4.292177300000000195e-01
3.085391799999999685e-01
2.148706999999999978e-01
2.756765999999999384e-01
3.266544000000000114e-01
1.878017049999999855e-01
1.799599500000000074e-01
2.931921549999999543e-01
3.310172599999999798e-01
1.494810100000000253e-01
2.344936899999999769e-01
4.589131749999999510e-01
4.711360350000000086e-01
2.271250999999999687e-01
2.089963899999999764e-01
2.151152999999999815e-01
3.018742850000000200e-01
2.119004949999999943e-01
2.741602599999999890e-01
3.327370099999999442e-01
2.189074349999999836e-01
3.280023599999999928e-01
3.467621899999999702e-01
3.363931950000000337e-01
1.923665209999999848e-01
1.591635740000000021e-01
1.913179349999999945e-01
1.936635399999999951e-01
4.286329950000000166e-01
3.218846350000000300e-01
3.537569199999999747e-01
1.828755499999999701e-01
1.905086149999999923e-01
1.764003400000000166e-01
3.646971089999999638e-01
2.066305609999999904e-01
1.386722499999999969e-01
2.872900999999999927e-01
1.995388000000000162e-01
2.145169200000000276e-01
2.833858800000000899e-01
1.928599170000000196e-01
1.737999420000000128e-01
3.544443549999999887e-01
2.478998400000000102e-01
9.788449000000000455e-02
2.405437699999999901e-01
2.073537950000000352e-01
1.627106000000000385e-01
2.512281499999999834e-01
2.415462599999999849e-01
2.372721999999999887e-01
2.673117500000000146e-01
1.902761299999999878e-01
1.891403320000000221e-01
5.025835899999999551e-02
2.585196910000000514e-01
3.753351499999999508e-01
2.922949049999999382e-01
1.503475300000000070e-01
2.183015950000000149e-01
3.359474700000000258e-01
4.177949200000000141e-01
2.591042600000000307e-01
2.851801449999999960e-01
2.686926149999999680e-01
3.702304000000000150e-01
1.576461499999999849e-01
1.920576200000000122e-01
3.231561799999999596e-01
4.157693790000000500e-01
1.192045540999999931e+00
4.337388999999999828e-01
3.621668000000000109e-01
1.495703999999999645e-01
2.729692999999999703e-01
3.084307000000000021e-01
3.475989999999999913e-01
2.173212999999999950e-01
1.773691000000000018e-01
2.722747999999999835e-01
1.902342999999999951e-01
1.030810999999999950e-01
3.793239999999999945e-01
4.747744000000000408e-01
2.108505999999999991e-01
3.613392000000000270e-01
3.660673300000000241e-01
3.719439299999999782e-01
2.011643999999999932e-01
8.642740000000000145e-02
1.261069999999999691e-01
2.629949500000000051e-01
4.347269500000000009e-01
4.434961000000000597e-01
5.811043500000000472e-01
5.137214500000000239e-01
3.188454500000000302e-01
4.733431000000000721e-01
3.501576199999999472e-01
1.554870400000000208e-01
1.816156699999999791e-01
2.059375200000000683e-01
2.437647200000000181e-01
1.522680000000000144e-01
2.584409300000000131e-01
1.443209799999999876e-01
1.603617499999999974e-01
1.133748700000000026e-01
1.876400300000000410e-01
4.120356499999999755e-01
3.452464499999999825e-01
3.269713499999999939e-01
2.044326999999999950e-01
2.453099499999999711e-01
2.870644500000000265e-01
1.438017000000000045e-01
2.109442499999999998e-01
2.711828000000000016e-01
1.954935999999999896e-01
1.746096499999999774e-01
3.244832500000000564e-01
3.062943300000000035e-01
2.030804300000000062e-01
2.119895499999999711e-01
2.678565499999999711e-01
1.540275500000000131e-01
2.436737999999999960e-01
3.194706199999999829e-01
4.733922700000000039e-01
2.871801500000000229e-01
2.008519500000000291e-01
3.788689499999999266e-01
5.224412549999999378e-01
1.738325549999999997e-01
2.400300499999999948e-01
2.858104999999999674e-01
3.947961950000000164e-01
1.517039199999999921e-01
2.028191410000000083e-01
3.284960840000000215e-01
4.243288999999999533e-01
2.275692999999999744e-01
2.416675999999999824e-01
3.897928700000000135e-01
3.683520700000000314e-01
2.109813200000000000e-01
9.451562000000000852e-02
2.364136899999999819e-01
3.208319800000000166e-01
1.901733800000000030e-01
2.648004499999999650e-01
3.871417999999999804e-01
4.117545999999999706e-01
2.020514499999999658e-01
1.937464499999999867e-01
5.060211000000000015e-01
7.800470000000003790e-02
3.210883000000000487e-01
3.643311000000000188e-01
2.794297199999999926e-01
1.817927199999999632e-01
2.375102499999999783e-01
3.544618500000000227e-01
2.224252999999999925e-01
2.061163499999999760e-01
4.426177000000000583e-01
5.742641499999999732e-01
3.498059399999999819e-01
1.674198100000000022e-01
3.047487500000000127e-01
4.565488500000000061e-01
4.755521500000000623e-01
3.806774499999999728e-01
2.162443000000000004e-01
3.292711500000000124e-01
3.249136999999999720e-01
1.492306000000000188e-01
1.587020399999999332e-01
9.223717999999998807e-02
2.164494600000000102e-01
2.784790200000000215e-01
1.427277799999999985e-01
2.540374499999999425e-01
4.498820499999999778e-01
3.935172300000000511e-01
1.991257799999999745e-01
2.462652500000000189e-01
3.617689899999999570e-01
3.836971900000000768e-01
1.955616600000000260e-01
2.237358100000000072e-01
