FramewiseDisplacement
3.706439999999997514e-01
3.968729999999997538e-01
2.050535000000001662e-01
1.451899999999997359e-01
1.803348500000000187e-01
9.172730000000006712e-02
7.486069999999993285e-02
1.281158500000001976e-01
2.394689099999998128e-01
1.533673249999999710e-01
1.297113649999999951e-01
3.389690000000000064e-02
1.180324499999998444e-01
2.380969499999999461e-01
8.094544999999990498e-02
1.066078500000003093e-01
1.190366000000001728e-01
9.347310000000003116e-02
1.300853999999999344e-01
8.314879999999981453e-02
1.762871999999998940e-01
3.318561999999999901e-01
4.057957000000002590e-01
3.876893000000002365e-01
3.242378000000000760e-01
1.486195999999998518e-01
1.333981500000000486e-01
6.827103000000016297e-02
1.415625400000000700e-01
1.078901600000001237e-01
3.934663000000000743e-02
7.120518999999994603e-02
1.042006899999998043e-01
6.287659999999996308e-02
2.710434000000001842e-02
7.657440999999969022e-02
5.075295999999975688e-02
7.631779999999988018e-02
1.414285000000000958e-01
8.509270000000000722e-02
1.026086000000000775e-01
1.425233000000000749e-01
2.548619999999999775e-01
3.555464999999998765e-01
2.508282999999999485e-01
9.541059999999983166e-02
1.039272000000000251e-01
5.557010000000001809e-02
1.326377000000001638e-01
7.364139999999999575e-02
1.146867000000000303e-01
8.996080000000009069e-02
8.268709999999995786e-02
1.250198999999999616e-01
6.901319999999998289e-02
9.456920000000001991e-02
5.703789999999997473e-02
7.711110000000004350e-02
7.660179999999996991e-02
1.136949999999999905e-01
3.761704999999999910e-02
9.704192000000004537e-02
6.690455000000009034e-02
1.501742800000000211e-01
1.091337999999999614e-01
9.299846000000004664e-02
4.823395999999997852e-02
9.364719999999994438e-02
1.500029000000000778e-01
1.209422999999999609e-01
1.456845699999998744e-01
1.398699800000000326e-01
1.070373800000000847e-01
1.256654649999999207e-01
4.243562999999998531e-01
2.646203799999999884e-01
2.009294299999999922e-01
8.947799999999997422e-02
5.908030499999998575e-02
8.996914999999999774e-02
7.165740000000000998e-02
1.982244500000000242e-01
1.581818499999999572e-01
1.130613559999999740e-01
2.014360999999999791e-01
2.032554000000000027e-01
6.433745000000003211e-02
8.831155000000000255e-02
3.924439999999996403e-02
4.601689999999994396e-02
1.210365499999999789e-01
1.260433999999999999e-01
8.345974999999997146e-02
1.239773000000000264e-01
1.062789060000000063e-01
6.434240000000002180e-02
6.455915599999997867e-02
7.418055000000001176e-02
1.044713690000000361e-01
1.627991690000000491e-01
8.237795599999996055e-02
6.698664999999999481e-02
7.341349999999996490e-02
9.897919999999996166e-02
7.874284999999997536e-02
5.085106000000001736e-02
4.502981000000003120e-02
2.084912800000000288e-01
1.889131799999999861e-01
6.387559999999999072e-02
6.647630000000001593e-02
1.291207499999999508e-01
5.222499500000003098e-02
4.288245499999997906e-02
6.124623000000001261e-02
1.197230750000000121e-01
3.709805500000001172e-02
5.731614000000000153e-02
3.841804000000002828e-02
4.303440000000000043e-02
8.020824000000002785e-02
2.958643000000000731e-02
8.067100999999998745e-02
4.874130000000000823e-02
1.926687149999999904e-01
1.246990730499999839e-01
8.837845804999999721e-02
6.543323999999998974e-02
6.220477000000000645e-02
8.570166099999998455e-02
5.079766750000000441e-02
8.286886150000000173e-02
7.190742499999999704e-02
1.033935815000000119e-01
9.417857999999999785e-02
5.569796400000000258e-02
5.804750750000000487e-02
1.199637235000000218e-01
5.318646999999999958e-02
4.071370850000000097e-02
7.772410800000001396e-02
6.791158699999999548e-02
6.942326499999999789e-02
3.147366499999999789e-02
4.329190499999999858e-02
7.839801500000000145e-02
8.423395999999999662e-02
9.677708000000001531e-02
7.971936000000000300e-02
1.446421819999999803e-01
1.130812620000000157e-01
4.780720999999999582e-02
2.861325999999999453e-02
9.791157000000000332e-02
7.967048000000001573e-02
1.643094400000000010e-01
2.642230950000000189e-01
1.657079000000000191e-01
5.817905000000000992e-02
6.760809999999999043e-02
6.111629999999998453e-02
3.613215000000000177e-02
6.598809999999999398e-02
9.214360000000000606e-02
1.009885999999999839e-01
1.204446000000000128e-01
7.328810000000002267e-02
6.992104999999997073e-02
7.673799999999998678e-02
5.440485000000001847e-02
5.810270000000002100e-02
3.941414999999999502e-02
6.477544999999999831e-02
5.583909999999998874e-02
3.926960000000000173e-02
6.959125000000000727e-02
5.065360000000000695e-02
1.222074999999999689e-01
8.498429999999999873e-02
7.812343809999998390e-02
3.385968931000000182e-01
2.816403449999999586e-01
1.024999500000000063e-01
1.716198000000000168e-01
4.441640000000001559e-02
5.375815000000002536e-02
1.276979000000000031e-01
5.994090000000001917e-02
5.905940000000002577e-02
5.979215000000003694e-02
1.202399250000000391e-01
3.702092500000007946e-02
4.062064999999992487e-02
8.140834999999997657e-02
8.267220000000000124e-02
6.605015000000000192e-02
6.522845000000002114e-02
7.667359999999999454e-02
2.108359999999997667e-02
3.590995000000003073e-02
4.388474999999993770e-02
4.606554999999998290e-02
5.834079999999995658e-02
5.619310000000000277e-02
7.404045000000002152e-02
6.869715000000001237e-02
7.001759999999998541e-02
1.038369500000000945e-01
1.201900000000000607e-01
6.479784999999997630e-02
4.269424999999995446e-02
6.969344999999996237e-02
6.021544999999994818e-02
5.330205000000000359e-02
1.011101499999999820e-01
7.325985000000004299e-02
1.961510500000000212e-01
1.552264499999999325e-01
8.929550000000005539e-02
9.528330000000000133e-02
1.154586500000000099e-01
8.143034999999995693e-02
7.389625000000003829e-02
7.444180000000005792e-02
7.579889999999998851e-02
4.036460000000004905e-02
1.329165999999999681e-01
1.271334999999999549e-01
9.643400000000001970e-02
1.747037500000000187e-01
7.890850000000010356e-02
1.011998500000000634e-01
9.312949999999989292e-02
1.496890499999999902e-01
1.329048500000000188e-01
6.050960000000005917e-02
6.520529000000006847e-02
5.276488499999996973e-02
2.583652500000000601e-02
6.598994999999996391e-02
1.016683499999999768e-01
1.494708949999998815e-01
1.798544799999999555e-01
1.281924050000000370e-01
1.175462800000000307e-01
1.651660000000000350e-01
6.769729999999998804e-02
1.192101999999999051e-01
1.607023499999999661e-01
7.269965000000006006e-02
2.902758500000001129e-01
1.004814000000000401e-01
2.961389000000000937e-01
2.298452999999999469e-01
2.527942499999998316e-01
1.306863499999999512e-01
3.009130049999999557e-01
2.764646949999999825e-01
1.414534499999999528e-01
3.825964999999999921e-02
9.444635000000005387e-02
3.445017500000004118e-02
3.973792000000002378e-02
3.092923450000000241e-01
1.952618949999999909e-01
1.982291550000001012e-01
2.195330500000000629e-01
3.705338699999999319e-01
3.355800700000000081e-01
1.228534999999999489e-01
2.162014999999999909e-01
1.835435500000000830e-01
9.511049999999994509e-02
9.806554999999991806e-02
1.376472999999999725e-01
1.730581499999999662e-01
1.068990500000000093e-01
2.744746999999999049e-01
3.864843500000000320e-01
5.125999999999999307e-02
8.571549999999997227e-02
1.273685000000000789e-01
7.270244999999994628e-02
1.234072999999999420e-01
1.091586499999999266e-01
1.049024499999999666e-01
1.233901000000000442e-01
7.694644999999987467e-02
9.088059999999997807e-02
1.134349999999999525e-01
7.515799999999989156e-02
9.941399999999994685e-02
1.502769999999999662e-01
8.695549999999994950e-02
1.240009999999998752e-01
1.610989999999999089e-01
1.409209999999999630e-01
2.755960000000000076e-01
2.599044999999999828e-01
