FramewiseDisplacement
4.943034999999998957e-01
2.615910000000002955e-01
1.806179999999997787e-01
1.332125000000000392e-01
8.635599999999984955e-02
9.814950000000008390e-02
5.218500000000013406e-02
7.059650000000000647e-02
7.783849999999997715e-02
1.218654999999999461e-01
1.052040000000000475e-01
1.640189999999997483e-01
1.096259999999997375e-01
2.513074999999999615e-01
2.427534999999997334e-01
1.820880000000000554e-01
1.662200000000004507e-01
2.368185000000000984e-01
7.941149999999999598e-02
9.186749999999976879e-02
5.926099999999979301e-02
9.206449999999977152e-02
1.559934999999997851e-01
1.939054999999998974e-01
1.586219999999999297e-01
1.004715000000001163e-01
1.233480000000000409e-01
1.505614999999996262e-01
1.712934999999999874e-01
1.514515000000002110e-01
2.439319999999999267e-01
1.955969499999999361e-01
1.637209999999997834e-01
2.308448000000000722e-01
1.705954500000000651e-01
1.277521500000000088e-01
1.681796300000001076e-01
2.500598800000002342e-01
2.176301650000001808e-01
2.477840850000000983e-01
1.383602049999999861e-01
1.095744150000003414e-01
3.758576000000000139e-01
1.777025000000000965e-01
2.802270000000001149e-01
2.021029999999999216e-01
6.941499999999997672e-02
2.433690000000000575e-01
2.181310000000000748e-01
2.074600000000000055e-01
1.818774999999999697e-01
3.086239999999999539e-01
1.234834999999999683e-01
1.891760000000000663e-01
1.963590000000000890e-01
1.958680000000000976e-01
2.614250000000001295e-01
9.228299999999996228e-02
2.822984999999998967e-01
1.522875000000001311e-01
5.285199999999992682e-02
1.519295000000000784e-01
8.345199999999988738e-02
2.924769999999999870e-01
4.972749999999999115e-01
6.855410500000000962e-01
2.380969499999999184e-01
3.384205999999999603e-01
3.253174999999999262e-01
3.569355000000000167e-01
4.086885500000002058e-01
2.946626000000001078e-01
2.600449499999999414e-01
3.242990000000000594e-01
2.324445000000001094e-01
1.964640000000001385e-01
1.667915000000001480e-01
1.622154999999998459e-01
7.808550000000000213e-02
1.392055000000000375e-01
3.569788500000001252e-01
2.545362999999999931e-01
1.688985499999998974e-01
2.002145500000000466e-01
1.481685000000000085e-01
3.279171500000001016e-01
2.650342500000000268e-01
1.613337999999999717e-01
3.564559999999999951e-01
1.817835499999999882e-01
2.214309000000000138e-01
2.395547000000000093e-01
2.498322999999998961e-01
1.044446999999999737e-01
1.960636799999999902e-01
9.086388000000014675e-02
2.012212999999999918e-01
5.941131999999987173e-02
1.025461799999998480e-01
1.746199000000003554e-01
8.603930999999978568e-02
1.435895399999999877e-01
2.492394920000000069e-01
1.458379580000001008e-01
1.510022700000000218e-01
2.217861699999999492e-01
2.333047499999998664e-01
2.429947499999997595e-01
1.863642999999997885e-01
2.303893999999998832e-01
1.700700000000000822e-01
1.163687000000001304e-01
1.542146000000000350e-01
8.305690000000011397e-02
1.163685000000000830e-01
2.517570000000000086e-01
4.732863999999999405e-01
2.233553100000000846e-01
3.499873099999998849e-01
4.936408000000000462e-01
3.938544999999999963e-01
3.429728999999999139e-01
2.291183000000000247e-01
1.763458999999999721e-01
2.384451999999997462e-01
2.853104999999999114e-01
4.182611000000001078e-01
4.324016000000000526e-01
1.819883000000000473e-01
1.682768699999999673e-01
1.203930300000000952e-01
1.101434099999998167e-01
5.680257999999988733e-02
2.382717299999998484e-01
1.944379999999998609e-01
1.189057000000000031e-01
2.730667000000000511e-01
7.162089999999990408e-02
3.101201899999999623e-01
4.322982900000001960e-01
7.547205000000001274e-01
2.880642999999998843e-01
9.903838000000000363e-01
1.821793875000000007e+00
4.080107799999999618e-01
9.689081449999999984e-01
2.345498500000000042e-01
1.484086500000000031e-01
1.885186349999999622e-01
1.789250969999999774e-01
1.280443320000000107e-01
6.448156499999999625e-01
1.672471000000000374e-01
1.230335500000000054e-01
1.698710049999999638e-01
1.928226950000000162e-01
2.022562499999999985e-01
7.621423999999999976e-01
1.694426500000000280e-01
1.588832499999999759e-01
1.205525000000000485e-01
3.454849000000000392e-01
2.751772000000000107e-01
1.724151000000000156e-01
1.830328000000000510e-01
4.660000000000005804e-02
9.954150000000006049e-02
1.319160000000000610e-01
1.372865000000000335e-01
1.642437000000000480e-01
3.204557000000000100e-01
2.111410999999999705e-01
1.696212649999999655e-01
2.852907149999999170e-01
3.478611499999999523e-01
2.276342499999998159e-01
3.387242499999998935e-01
1.746690499999999091e-01
1.228720000000001200e-01
6.136414500000000327e-01
2.306527499999998509e-01
2.473282499999999995e-01
1.316394999999999926e-01
1.820389999999999509e-01
9.819300000000007189e-02
3.714394999999999780e-01
5.049114999999999576e-01
3.743564999999999254e-01
3.760914999999999120e-01
3.598359999999999892e-01
2.635675000000000656e-01
5.613255000000001438e-01
6.883865000000000123e-01
1.279655000000000653e-01
3.458789999999999365e-01
1.737164999999999404e-01
4.181150000000018879e-02
2.198614999999999320e-01
5.762384999999998758e-01
3.472284999999998845e-01
9.380600000000004213e-02
2.603130000000000166e-01
2.597269999999999857e-01
2.652645000000001807e-01
2.138994999999999369e-01
2.032535000000000036e-01
1.291799999999999060e-01
3.186650000000000871e-01
1.290815000000000157e-01
2.272460000000000591e-01
1.385250000000000647e-01
3.237254999999999994e-01
1.778469999999999773e-01
1.590930000000001510e-01
2.021235000000002890e-01
2.165750000000002395e-01
3.465240000000001652e-01
3.536060000000000314e-01
2.799550000000000094e-01
1.259710000000000552e-01
1.687860000000001581e-01
6.542000000000014470e-02
9.353300000000019931e-02
1.233690000000002562e-01
3.257619999999999405e-01
2.804265000000000785e-01
1.949255000000001958e-01
3.243384999999998630e-01
3.143794999999997009e-01
1.787639999999999230e-01
4.099724999999999064e-01
3.671799999999998398e-01
3.672634999999999650e-01
1.233270000000000477e-01
2.043654999999999777e-01
2.509195000000000175e-01
4.619010000000000615e-01
6.707420000000000604e-01
6.096769999999999134e-01
5.345874999999999932e-01
1.748454999999999038e-01
1.439414999999998335e-01
1.535104999999998832e-01
3.161279999999998536e-01
1.854884999999999728e-01
1.558940000000000881e-01
2.913165000000002003e-01
1.282484999999999598e-01
3.150689999999996549e-01
3.628890000000000171e-01
1.982950000000002766e-01
2.660219999999998142e-01
3.224360000000000559e-01
3.763944999999999652e-01
5.235469999999997626e-01
3.868210500000000440e+00
1.766269399999999656e+00
6.994230999999999643e-01
1.782245000000001467e-01
3.795989999999997977e-01
4.363605000000002065e-01
5.021751500000002366e-01
3.230612500000002441e-01
4.272725500000005838e-01
5.396700500000000122e-01
7.730199999999999572e-02
2.202394999999995884e-01
3.056585000000001662e-01
2.197490000000001109e-01
2.721165000000002054e-01
3.530290000000001482e-01
2.095000000000001306e-01
1.534509850000000064e+00
1.101927649999999925e+00
3.426794999999996927e-01
3.953545000000001641e-01
5.450099999999999945e-01
1.998439999999999106e-01
1.772714999999999708e-01
1.014855000000000340e-01
2.128534999999998623e-01
1.159405000000000296e-01
9.948150000000055559e-02
8.940299999999956615e-02
1.126914999999997918e-01
2.864300000000002955e-01
1.841347000000001233e-01
4.329725000000000934e-01
2.312282200000000287e+00
7.510195000000000620e-01
8.048912000000005840e-01
2.398671499999999734e-01
1.301682499999998743e-01
2.811301000000000494e-01
2.453764000000002166e-01
2.135795000000000887e-01
4.791795000000001470e-01
2.903806999999991589e-01
5.123538499999998885e-01
