FramewiseDisplacement
3.878683300000000389e-01
2.620916099999999749e-01
3.186407299999999276e-01
2.464652999999999983e-01
2.121562500000000184e-01
2.046176500000000120e-01
2.538892500000000108e-01
2.320437000000000194e-01
1.564297500000000340e-01
8.689049999999999552e-02
9.154885000000005657e-02
1.387625500000000123e-01
2.023418000000000438e-01
1.710191000000000350e-01
1.764354099999999870e-01
1.281671600000000022e-01
1.246993500000000005e-01
1.807190499999999922e-01
2.390591999999999717e-01
2.424554499999999613e-01
2.934024400000000421e-01
1.911788200000000271e-01
1.655115899999999585e-01
1.876630000000000242e-01
2.627454800000000312e-01
5.411062100000000319e-01
4.762813200000000635e-01
2.638480500000000006e-01
3.433493500000000531e-01
3.816598700000000122e-01
2.789374649999999956e-01
2.829664450000000109e-01
1.857844500000000454e-01
9.728180000000004324e-02
1.099244100000000418e-01
1.104531099999999794e-01
1.319364499999999829e-01
3.224752700000000361e-01
2.567462699999999987e-01
3.540792999999999857e-01
6.683371500000000465e-01
3.408619499999999691e-01
2.145563499999999513e-01
2.205193500000000029e-01
2.704158500000000132e-01
2.761104500000000073e-01
2.634979999999999545e-01
3.094854999999999690e-01
3.027405499999999972e-01
3.623177499999999940e-01
2.842054499999999706e-01
3.351298000000000332e-01
4.145359199999999467e-01
3.656009964999999973e-01
4.460646865000000294e-01
3.110951599999999817e-01
1.685551999999999606e-01
2.727231499999999698e-01
4.326610499999999915e-01
4.319042000000000714e-01
4.008388100000000454e-01
2.561137049999999693e-01
2.054847489999999943e-01
2.927051659999999611e-01
2.355518699999999965e-01
2.700479700000000260e-01
1.924835500000000033e-01
5.698540000000001937e-02
1.647020499999999887e-01
8.075395000000000489e-02
1.090112999999999915e-01
1.644334500000000088e-01
6.067029999999999645e-02
1.975077199999999977e-01
4.547245454999999659e-01
7.405223755000001074e-01
2.762927999999999495e-01
3.007203999999999988e-01
4.606330800000000281e-01
3.608079499999999884e-01
3.478576299999999732e-01
1.913389299999999627e-01
2.086516899999999453e-01
2.795795599999999492e-01
4.059855499999999728e-01
2.749246700000000376e-01
2.102425699999999897e-01
3.442752000000000034e-01
3.151978200000000174e-01
2.928847900000000060e-01
2.543110699999999724e-01
2.981506199999999773e-01
2.316380999999999857e-01
1.585924699999999854e-01
1.514854999999999952e-01
1.237763499999999794e-01
1.571499900000000172e-01
1.332203600000000099e-01
2.765344000000000135e-01
2.513218500000000133e-01
2.517341999999999635e-01
2.801366500000000426e-01
3.682753850000000106e-01
3.128042350000000416e-01
2.972227000000000618e-01
2.555449900000000274e-01
1.644765099999999924e-01
1.489930499999999880e-01
1.533440999999999832e-01
1.642947499999999617e-01
1.284754749999999779e-01
2.444581249999999983e-01
2.362836999999999854e-01
3.359578699999999918e-01
2.042535700000000232e-01
1.978040000000000354e-01
1.415296000000000054e-01
9.621255000000002167e-02
2.036304499999999906e-01
2.088649499999999937e-01
1.519153500000000045e-01
3.204591500000000259e-01
1.780664500000000150e-01
9.942559999999998899e-02
1.254597000000000073e-01
2.073230449999999836e-01
2.009287949999999934e-01
1.470479500000000384e-01
1.093425499999999689e-01
1.187086999999999587e-01
3.103872999999999771e-01
3.370496499999999784e-01
2.224973499999999826e-01
1.972469499999999765e-01
5.563434999999995745e-02
1.209972999999999882e-01
2.330828999999999818e-01
2.905700150000000148e-01
2.364261250000000147e-01
3.442278999999999756e-01
2.928244400000000192e-01
3.815798500000000537e-01
1.761160499999999962e-01
1.534393500000000021e-01
3.217499139999999702e-01
2.631837040000000183e-01
2.502940800000000299e-01
9.632124999999999715e-02
2.324308699999999561e-01
3.265293620000000452e-01
3.421952620000000000e-01
2.943353499999999956e-01
3.857077999999999895e-01
1.866250100000000078e-01
1.986064300000000005e-01
2.437661750000000016e-01
3.168272349999999848e-01
2.003692499999999987e-01
1.134180000000000188e-01
1.197567499999999951e-01
1.181853300000000051e-01
1.397037800000000274e-01
2.103400500000000006e-01
2.254174499999999914e-01
1.824133199999999899e-01
8.886138000000001758e-02
1.837874499999999633e-01
1.692646500000000165e-01
2.395657500000000217e-01
1.644125750000000052e-01
1.895104250000000379e-01
1.884702000000000321e-01
1.412584999999999813e-01
2.031750400000000012e-01
2.610518400000000350e-01
1.877525500000000458e-01
3.749996000000000440e-01
1.927274999999999960e-01
1.280012999999999845e-01
1.373957000000000095e-01
1.359985999999999973e-01
8.613109999999998823e-02
2.696857600000000521e-01
2.513804099999999986e-01
1.204436500000000132e-01
1.533440499999999818e-01
2.505286750000000340e-01
2.518055750000000592e-01
1.379730649999999781e-01
1.185920050000000003e-01
1.766375000000000306e-01
3.003731660000000803e-01
1.549845660000000180e-01
1.408503299999999958e-01
2.421159300000000070e-01
5.501818800000000120e-01
4.509252999999999734e-01
3.002442100000000114e-01
3.657675100000000179e-01
4.642040600000000294e-01
3.879736600000001090e-01
3.872099999999999431e-01
2.219794500000000226e-01
1.827035499999999923e-01
1.593720999999999333e-01
1.724850000000000272e-01
2.468929000000000262e-01
2.765476000000000045e-01
2.486155999999999922e-01
1.757449000000000650e-01
2.098140000000000560e-01
1.653234999999999844e-01
9.002759999999998541e-02
2.293639999999999846e-01
6.689799999999998525e-02
1.621534999999999782e-01
1.289224999999999954e-01
1.013063399999999808e-01
2.560038399999999825e-01
2.653876000000000568e-01
3.204603999999999786e-01
1.510950000000000071e-01
9.970509999999994932e-02
1.024066000000000004e-01
4.292162499999999103e-01
4.126112999999998476e-01
4.694404500000000091e-01
3.350519999999999610e-01
1.600048499999999208e-01
2.825743500000000297e-01
4.334460999999999453e-01
5.253925499999999582e-01
2.729093999999998577e-01
3.308009499999999270e-01
2.400393500000000402e-01
1.584799999999999542e-01
2.991435000000000066e-01
4.521103499999998832e-01
2.423170000000000046e-01
6.167349999999986732e-02
1.634290000000000465e-01
1.528790000000000426e-01
1.637490000000001444e-01
1.545834999999999571e-01
2.031280000000000585e-01
2.159955000000000069e-01
9.169550000000002699e-02
2.078650000000000220e-01
2.896688500000000333e-01
1.959063499999998959e-01
1.813959999999999462e-01
2.051070000000000393e-01
1.851820000000000133e-01
1.858000000000001040e-01
2.850380000000000136e-01
2.074745000000000061e-01
2.584750000000000658e-01
4.877224999999999477e-01
6.688734999999998987e-01
5.667309999999998738e-01
5.640709999999999891e-01
1.803904999999999814e-01
2.772190000000001042e-01
4.054929999999999923e-01
5.071120000000002292e-01
3.839015000000001732e-01
2.411235000000001572e-01
3.323174999999999879e-01
5.156515000000000404e-01
1.784360000000001778e-01
9.940750000000003750e-02
1.025329999999998742e-01
2.353839999999999821e-01
1.546129999999999727e-01
1.052089999999999553e-01
1.890784999999998717e-01
1.986050000000001148e-01
3.040685000000001303e-01
1.814129999999999909e-01
3.513964999999999450e-01
2.533094999999998542e-01
1.855074999999998253e-01
2.798304999999998155e-01
3.955400000000000027e-01
3.229745000000001087e-01
1.942105000000000636e-01
2.415219999999999312e-01
1.067930000000001101e-01
1.616375000000000450e-01
2.548710000000001252e-01
2.039414999999999423e-01
3.395269999999999677e-01
6.204835000000001877e-01
5.442874999999999241e-01
7.025609999999996580e-01
6.288169999999999593e-01
4.227949999999999764e-01
4.396660000000000013e-01
2.787129999999998775e-01
