FramewiseDisplacement
3.033230000000000093e-01
3.879925000000000734e-01
1.636516999999999555e-01
1.565171999999998842e-01
1.637775000000001036e-01
2.928385000000001126e-01
3.090029999999999721e-01
4.720815000000000428e-01
5.525596000000000396e-01
4.396013000000002502e-01
2.027453999999999090e-01
2.964165999999999745e-01
2.450496999999999537e-01
2.732914999999999650e-01
1.844378999999999880e-01
1.954993999999999899e-01
2.479202999999999824e-01
1.531276000000000304e-01
3.288235999999998826e-01
1.419525000000000092e-01
2.488791000000001030e-01
5.957780999999998661e-01
6.443322000000000216e-01
3.484468000000000565e-01
3.400001999999999747e-01
2.235026360000000878e-01
2.148918359999999750e-01
3.048918000000001016e-01
3.066393800000000169e-01
3.755033200000000293e-01
2.941688999999999554e-01
2.927941999999999489e-01
1.384432999999999914e-01
8.856384000000010193e-02
2.209697599999999873e-01
3.476591999999998905e-01
5.206096000000000057e-01
2.343542000000000125e-01
3.341167999999999916e-01
1.995195200000000335e-01
6.474552000000000085e-02
1.926291299999999540e-01
2.043937599999999799e-01
1.942116200000000015e-01
1.494838500000000014e-01
1.314903000000000322e-01
1.447654000000000163e-01
1.300397000000000081e-01
1.215273000000000325e-01
1.201233000000000023e-01
1.053327999999999764e-01
1.422073000000000087e-01
1.635387999999999842e-01
2.230824000000000140e-01
2.271368000000000276e-01
2.898642999999999637e-01
3.297851000000000532e-01
3.072330000000000894e-01
3.544335000000000124e-01
2.269806000000000046e-01
3.469879999999999631e-01
4.641312000000000215e-01
1.501128999999999936e-01
2.342726000000000530e-01
3.420857200000000375e-01
2.506658200000000392e-01
2.463331000000000826e-01
1.325278000000000012e-01
1.365520999999999818e-01
1.593759000000000148e-01
1.580458500000000155e-01
2.413158300000000089e-01
1.555756699999999715e-01
1.509365499999999471e-01
2.395526099999999992e-01
3.578591899999999937e-01
3.532872899999999761e-01
1.290479499999999946e-01
2.243971550000000148e-01
1.440498950000000389e-01
1.283442499999999931e-01
2.397750999999999633e-01
1.747807600000000072e-01
1.795486100000000529e-01
1.681249499999999952e-01
1.369263999999999759e-01
1.511773499999999881e-01
4.070631499999999847e-01
2.229843499999999978e-01
6.358980999999999106e-01
2.007677499999999671e-01
1.081662499999999916e-01
4.006525000000001752e-02
1.462358999999999742e-01
9.412960000000000771e-02
1.639941999999999789e-01
2.447063999999999628e-01
1.848558000000000423e-01
1.111755999999999994e-01
9.139879999999998839e-02
1.065212999999999993e-01
1.919259000000000104e-01
1.391519000000000228e-01
2.789428800000000042e-01
2.175339799999999879e-01
2.991709000000000174e-01
1.744697000000000053e-01
1.117736119999999944e-01
2.202346119999999685e-01
2.244106999999999630e-01
2.497678899999999924e-01
1.985138499999999362e-01
2.179822100000000096e-01
1.358077500000000326e-01
1.260893999999999904e-01
2.763071500000000569e-01
3.344494499999999815e-01
2.304226149999999973e-01
1.458825149999999904e-01
6.893114999999998271e-02
1.189960500000000199e-01
9.858400000000001884e-02
5.665539999999997384e-02
1.228707999999999745e-01
1.120219850000000184e-01
2.040569750000000293e-01
2.477488599999999874e-01
4.319880499999999568e-01
1.982954499999999842e-01
7.749685000000001989e-02
1.084968500000000058e-01
2.071599500000000094e-01
1.158363099999999979e-01
8.105308999999999431e-02
8.567254999999997234e-02
1.363395669999999948e-01
2.545400170000000073e-01
4.327254949999999600e-01
3.185537649999999887e-01
1.002344799999999869e-01
1.505467500000000070e-01
2.282880499999999924e-01
2.169870500000000424e-01
2.106020000000000114e-01
2.267445999999999906e-01
3.710053999999999852e-01
3.865632000000000512e-01
2.212001499999999843e-01
2.217091000000000200e-01
1.566000430000000221e-01
1.203529220000000149e-01
1.671977750000000207e-01
2.028853499999999921e-01
2.920718999999999399e-01
3.831813550000000013e-01
2.766422629999999439e-01
1.904227930000000069e-01
2.290129050000000166e-01
3.704831599999999781e-01
2.665848499999999843e-01
2.829256000000000548e-01
3.183419000000000110e-01
2.345858999999999861e-01
1.476118500000000167e-01
2.065859999999999641e-01
2.829995499999998776e-01
2.729300500000000351e-01
2.746943900000000105e-01
3.024384900000000043e-01
4.074900499999999925e-01
3.228841000000000072e-01
2.571672499999999584e-01
1.351861499999999772e-01
1.758616000000000346e-01
2.807184500000000082e-01
3.059981549999999939e-01
2.504878549999999815e-01
3.574710800000001076e-01
2.815886000000000222e-01
2.624890300000000121e-01
9.995419000000001220e-02
1.802432999999999674e-01
1.978530500000000025e-01
4.750791500000000611e-01
4.365298000000001344e-01
2.457160999999999929e-01
1.189120599999999861e-01
1.794102599999999603e-01
1.103153000000000050e-01
1.506686999999999887e-01
5.346318999999999377e-01
7.444795999999999081e-01
1.694173600000000168e-01
1.550403700000000107e-01
8.121837000000001194e-02
4.320476999999996182e-02
1.953628099999999701e-01
3.024047400000000052e-01
3.365921499999999789e-01
2.714748500000000453e-01
9.384730000000003625e-02
1.338245500000000421e-01
6.747912999999999828e-02
1.364860800000000374e-01
2.226087200000000099e-01
2.906931200000000270e-01
3.175382500000000219e-01
2.137185000000000057e-01
1.891493999999999676e-01
2.086906499999999776e-01
2.600936999999999832e-01
2.564691000000000054e-01
1.507090000000000374e-01
2.074733000000000271e-01
1.402904000000000373e-01
7.490729999999996835e-02
1.349940999999999780e-01
1.372422000000000641e-01
1.997225999999999446e-01
1.619285000000000585e-01
2.681008000000000835e-01
1.294768000000000030e-01
1.921322999999999503e-01
1.532674200000000431e-01
4.601172199999999934e-01
2.971930999999999878e-01
2.406456000000000706e-01
1.179170999999999830e-01
9.440920000000002643e-02
1.817381000000000135e-01
1.278980100000000342e-01
1.431325100000000461e-01
1.425864999999999216e-01
2.930589999999999584e-01
3.367396999999999752e-01
2.794797000000000531e-01
3.399714999999999265e-01
3.670170000000000377e-01
3.930787999999999505e-01
2.233559999999999435e-01
1.810824999999999518e-01
1.370184999999999875e-01
2.366512499999999519e-01
1.128547699999999709e+00
1.004147950000000122e+00
1.291825999999999808e-01
3.214120999999999784e-01
1.522954850000000082e-01
2.416011649999999789e-01
2.250640000000000140e-01
2.999696500000000876e-01
2.788225000000000287e-01
2.843740000000000157e-01
1.963525999999999883e-01
1.643998999999999322e-01
1.250500000000000500e-01
1.480224999999999458e-01
2.151369999999999671e-01
2.181790000000000396e-01
3.009261999999999770e-01
3.441887000000000696e-01
4.309281000000000916e-01
4.362450999999998857e-01
5.108289999999998665e-01
4.006035000000000013e-01
3.435753000000000279e-01
3.108118000000000269e-01
1.223429999999999934e-01
2.682700000000000085e-01
2.766595000000000026e-01
3.256950000000000678e-01
3.894342000000000081e-01
3.518071999999999311e-01
2.729594999999999660e-01
1.147717300000000051e+00
8.894144000000002714e-01
3.668764499999999096e-01
2.695258500000000113e-01
2.686280000000000334e-01
1.430587999999999582e-01
1.336497999999999853e-01
2.086011000000000115e-01
5.184965999999999742e-01
5.571295099999998834e-01
4.896940100000001239e-01
3.200990000000000224e-01
4.893399999999999972e-01
2.428745999999999128e-01
2.100451000000001234e-01
3.699242999999999282e-01
3.714707999999999344e-01
3.568481999999999488e-01
6.067132000000000636e-01
6.395387999999998518e-01
3.860407999999998507e-01
6.318781000000001091e-01
7.442544999999999300e-01
1.937458999999999709e-01
4.316294999999998883e-01
