FramewiseDisplacement
5.878810000000004310e-01
4.940449999999997344e-01
1.024680000000001978e-01
1.449280000000000013e-01
9.229799999999990789e-02
1.655639999999993506e-01
1.735679999999998335e-01
3.490919999999993473e-01
3.349299999999999500e-01
5.672399999999962195e-02
1.515889999999995574e-01
1.909250000000000669e-01
5.191299999999995224e-02
9.135899999999999577e-02
9.615400000000010050e-02
1.969040000000002177e-01
2.142689999999998762e-01
4.394199999999998107e-01
3.439560000000000395e-01
2.951320000000002830e-01
1.661779999999995761e-01
8.966199999999997783e-02
3.290389999999996373e-01
1.552199999999997471e-01
1.479399999999999049e-01
8.343760000000000066e-01
3.685519999999999907e-01
4.716375000000005424e-01
1.669005000000001182e-01
3.986299999999999288e-01
4.048010000000001885e-01
5.775939999999998298e-01
3.617079999999996964e-01
3.299680000000002611e-01
2.639129999999999532e-01
3.669860000000002564e-01
6.756585000000000507e-01
4.272939999999998406e-01
1.742854999999997878e-01
2.588265000000002369e-01
1.824690000000001033e-01
2.355625000000002855e-01
4.223744999999999861e-01
7.521140000000000603e-01
3.624940000000002049e-01
2.099365000000001924e-01
1.169920000000001514e-01
5.405520000000001435e-01
4.200826999999995315e-01
3.752417000000002889e-01
2.080365000000002906e-01
1.778934999999999267e-01
1.304369999999999141e-01
1.355369999999997965e-01
1.710365000000000357e-01
5.100649999999998796e-01
4.185760000000000591e-01
3.242229000000003691e-01
3.108054000000000094e-01
5.453457999999999917e-01
5.071329999999997229e-01
5.458330000000001236e-01
2.041924999999997214e-01
2.518549999999998845e-01
4.263670000000001625e-01
2.631105000000002470e-01
5.394360000000000266e-01
4.282715000000002492e-01
3.534944999999999338e-01
1.431045000000002454e-01
3.070805000000001450e-01
8.953855000000002784e-01
3.714199999999995838e-01
4.324034999999997742e-01
2.353290000000002047e-01
4.747319999999998208e-01
3.730180000000000162e-01
1.282474999999999865e-01
2.622304999999999775e-01
3.785554999999997117e-01
1.123578549999999954e+00
6.410475500000004656e-01
1.052630000000002591e-01
1.927815000000001888e-01
3.319534999999999569e-01
1.325010000000000354e-01
1.549711999999998646e-01
6.029405399999998583e-01
1.437116599999999078e-01
1.545779499999999640e-01
2.203904499999997935e-01
1.462486000000001174e-01
3.420107999999999482e-01
1.465003000000000000e-01
4.250439999999999774e-01
1.978325999999999973e-01
1.927686000000000122e-01
2.724192000000000280e-01
4.576082000000000205e-01
5.799159000000000397e-01
1.956694000000001321e-01
7.054514999999998981e-01
1.024927785000000036e+00
5.130299149999999475e-01
3.473363999999998786e-01
3.843134999999999191e-01
3.419797249999999789e+00
1.289129749999999630e+00
1.213192685000000104e+00
6.081073150000000371e-01
5.067213584999999965e-01
3.083718185000000056e-01
6.157193499999999986e-01
1.914511499999999866e-01
2.415240999999999638e-01
1.381722449999999436e-01
1.979012949999999216e-01
2.349449879999999657e-01
5.657310379999999084e-01
6.095959000000000794e-01
6.955628000000000366e-01
7.080955100000001501e-01
5.018721099999999824e-01
1.958325800000000116e+00
1.176608199999999993e+00
5.647820000000001173e-01
3.082139999999999880e-01
2.753310000000001034e-01
3.965300000000000491e-01
3.845765000000001543e-01
1.345543599999999618e+00
2.716090000000000448e-01
1.040643100000000043e+00
7.562205000000000732e-01
6.196159999999999446e-01
5.392645000000000355e-01
7.005890000000001283e-01
5.510459999999998137e-01
2.810819999999998320e-01
4.409654500000000366e-01
1.364991700000000030e+00
3.486161000000000953e-01
3.927772849999999760e-01
4.121653650000000058e-01
3.318113999999999786e-01
3.854003200000000184e-01
8.031939200000000056e-01
7.532912499999999678e-01
2.684744150000000218e-01
4.549141309999999994e-01
5.494217240000000002e-01
3.679299800000000453e-01
5.297963999999999452e-01
4.319095900000000099e-01
4.661841700000000088e-01
5.292462199999999894e-01
9.367167999999999051e-01
3.261151999999999940e-01
1.142553500000000055e-01
2.660978499999999691e-01
7.594234499999998889e-01
8.902818500000000412e-01
1.239473400000000058e+00
1.217152800000000035e+00
1.379117099999999985e+00
9.796042000000000360e-01
6.022693999999999548e-01
1.827796000000001531e-01
2.823525000000000063e+00
1.194868000000000485e+00
7.893079999999998986e-01
1.714593500000000326e+00
9.920222000000000762e-01
5.067946000000002060e-01
7.269718999999998932e-01
4.962925999999997506e-01
5.010790999999997775e-01
3.342174999999998897e-01
8.936121500000001605e-01
8.541126500000000288e-01
5.762320000000002995e-01
7.470694999999998309e-01
6.186677500000002938e-01
5.175982500000000375e-01
1.013164499999999801e+00
1.127949499999999716e+00
2.705349999999998589e-01
8.109893499999998312e-01
7.297613500000004194e-01
9.430404500000000301e-01
9.604270449999999792e-01
5.509426300000000998e-01
2.372512099999999902e-01
6.591509450000002657e-01
6.845974000000001336e-01
1.241520200000000074e+00
3.594074000000000990e-01
5.911167000000001615e-01
2.916921999999999571e-01
3.914205000000000600e-01
1.064124999999999377e-01
4.633503999999997180e-01
2.180586343999999954e+00
2.034866656000000162e+00
1.822026399999999935e+00
1.192148939999999602e+00
4.449090599999999673e-01
4.727355000000001972e-01
1.115697700000000125e+00
8.706912000000001095e-01
2.261266550000000208e+00
1.347614549999999856e+00
1.347676499999999944e+00
1.165538999999999881e+00
6.273727000000002274e-01
1.229748000000000063e+00
1.277695299999999978e+00
1.250336999999999810e+00
7.205349999999998145e-01
7.079314999999998248e-01
5.205929000000002471e-01
3.891055000000003261e-01
5.141640400000000000e+00
2.668820999999999888e+00
7.862234999999999641e-01
1.115587499999999732e+00
8.590479999999998117e-01
6.580019999999997538e-01
9.572589999999994159e-01
5.582159999999997124e-01
1.397023999999999821e+00
1.105743499999999990e+00
9.289070000000000382e-01
1.111822000000000310e+00
1.279704000000000619e+00
3.235380000000003253e-01
9.356054999999996458e-01
1.162292799999999682e+00
9.798672999999993305e-01
4.279098500000000804e+00
1.741267300000000073e+00
2.886032700000000339e+00
5.004394000000000897e-01
7.000222999999999862e-01
8.022763999999997786e-01
6.312264999999995796e-01
7.336894000000000471e-01
6.108132000000001671e-01
1.620306599999999930e+00
5.781002000000005081e-01
4.726710000000001743e-01
4.106674000000004043e-01
7.740939999999996157e-01
1.089590300000000012e+00
4.858463999999996785e-01
6.653083999999999110e-01
5.329672000000000853e-01
1.036641999999999841e+00
5.815557000000004528e-01
7.642550000000001287e-01
1.553993099999999572e+00
9.759276999999992874e-01
4.567705700000002089e-01
4.962522299999997388e-01
4.589059999999999251e-01
4.748229000000002697e-01
1.067177599999999948e+00
8.346563000000000176e-01
8.106293999999996114e-01
1.016057399999999999e+00
5.740868000000000082e-01
1.152696299999999896e+00
8.462294999999995238e-01
1.405380999999999547e+00
3.463313820000000209e+00
4.202006680000000216e+00
2.091857999999999773e+00
1.778262500000000079e+00
1.193208000000000268e+00
2.920304999999999707e-01
1.985234999999999639e+00
7.869404999999998207e-01
1.068869999999999987e+00
7.366716000000000930e-01
3.814781000000002642e-01
6.650425000000000919e-01
2.632142200000000098e+00
2.823168200000000017e+00
9.823139999999999095e-01
1.096525999999999668e+00
1.463227999999999973e+00
2.084650999999999588e+00
1.650930999999999926e+00
1.961668000000000411e+00
2.318194200000000205e+00
1.391586299999999943e+00
1.247535699999999803e+00
3.459246400000003385e-01
1.950629340000000100e+00
