FramewiseDisplacement
1.041090499999999919e+00
4.026590000000000447e-01
3.254134999999999112e-01
2.308595000000000785e-01
1.366355000000001318e-01
2.755354000000002079e-01
2.159954000000000873e-01
2.132457999999999854e-01
1.925753000000000048e-01
2.865114999999999190e-01
2.768255000000000576e-01
2.542253400000001329e-01
1.236921399999999505e-01
2.494480700000000772e-01
2.519454700000000047e-01
2.078141799999999872e-01
2.076174799999999654e-01
1.711615000000000775e-01
2.826605000000000367e-01
2.965924999999999256e-01
1.680881000000001291e-01
1.746531000000000056e-01
1.044013999999999220e-01
1.507693999999999979e-01
2.446887000000000645e-01
3.191296999999999051e-01
2.017126999999999948e-01
2.353395999999999266e-01
1.707014799999999888e-01
1.734200800000000875e-01
2.117146099999999698e-01
2.876945899999999723e-01
3.896859289999999865e-01
2.119589290000000181e-01
2.864575000000000315e-01
2.885744000000000087e-01
3.325528999999999846e-01
5.099895999999999319e-01
4.763845999999998249e-01
1.767174000000001077e-01
3.235263999999998807e-01
3.065117999999999454e-01
2.939403999999999906e-01
1.870871799999999918e-01
2.545723799999999870e-01
3.228872999999999882e-01
3.530390000000000472e-01
2.965447000000000499e-01
3.334541000000000310e-01
5.313228000000000950e-01
3.959978999999999583e-01
5.338397000000000281e-01
2.245102000000000209e-01
3.715112999999999333e-01
3.701404000000000916e-01
3.058143000000000389e-01
3.132627000000000050e-01
7.644312999999998137e-01
3.399523999999999879e-01
3.211571699999999918e-01
3.064076699999999653e-01
3.281865000000001031e-01
4.698489999999999611e-01
4.823091000000000461e-01
4.567270999999999970e-01
4.757413000000000336e-01
5.067548000000000608e-01
3.702721000000000484e-01
4.953835000000000321e-01
2.108317999999999859e-01
2.684900999999999538e-01
3.314491999999999994e-01
3.269513000000000003e-01
4.162147999999999404e-01
3.360176000000000274e-01
2.695914000000000366e-01
2.581431999999999616e-01
2.964075000000000459e-01
3.397645000000000248e-01
3.345595000000000652e-01
2.934233999999998899e-01
3.209824000000000566e-01
3.669710000000000472e-01
3.708110999999999491e-01
3.229387000000000230e-01
1.929249999999999576e-01
1.648906000000000260e-01
1.779471000000000247e-01
2.922037999999999580e-01
3.321653999999998885e-01
4.073979999999999824e-01
4.556993000000000293e-01
1.115113650000000067e+00
1.087054850000000128e+00
5.094223499999999127e-01
3.037790500000000504e-01
3.379687000000000108e-01
4.369589000000000389e-01
4.803044000000000202e-01
4.762018000000000639e-01
3.449769299999999594e-01
9.186973000000001055e-02
1.914932000000000023e-01
1.963840999999999781e-01
9.499319999999998598e-02
5.810150000000000037e-02
2.032450999999999841e-01
2.556639499999999732e-01
3.733209499999999847e-01
2.333466400000000218e-01
2.920126899999999637e-01
2.249586499999999822e-01
4.275451299999999955e-01
5.539483299999999888e-01
4.713626000000000760e-01
2.323626500000000317e-01
1.300743500000000052e-01
1.613314000000000137e-01
2.420110000000000039e-01
2.661393999999999704e-01
2.964787999999999868e-01
1.846387499999999904e-01
2.661718000000000139e-01
2.804621999999999948e-01
3.680232999999999421e-01
2.310603499999999699e-01
3.953311499999999645e-01
2.538352300000000228e-01
2.998260500000000106e-01
3.766516099999999145e-01
2.030291599999999863e-01
1.484494299999999933e-01
1.921994300000000044e-01
3.565982999999999792e-01
2.968032999999999921e-01
3.134351999999999694e-01
4.048866500000000146e-01
3.479083500000000329e-01
3.568316500000000557e-01
5.069504999999999706e-01
4.412939609999999568e-01
1.083545109999999867e-01
1.451975600000000033e-01
2.078223099999999823e-01
4.289404399999999784e-01
4.376462899999999379e-01
3.858444000000000318e-01
3.371269949999999849e-01
3.436225499999999711e-01
2.832581359999999937e-01
6.019180509999999540e-01
2.938390900000000250e-01
2.504551199999999755e-01
3.131573199999999613e-01
2.341707419999999873e-01
1.806331080000000144e-01
1.809296900000000319e-01
1.545118099999999717e-01
1.030527600000000071e-01
1.178670500000000149e-01
1.608602500000000102e-01
4.526279999999999193e-01
2.823749999999999871e-01
1.740114900000000187e-01
1.797124899999999748e-01
3.507039900000000210e-01
2.313698899999999670e-01
3.129156300000000557e-01
2.359134779999999820e-01
2.171969519999999987e-01
1.289184700000000072e-01
2.137701200000000357e-01
2.362915100000000379e-01
1.617174400000000178e-01
1.055659499999999779e-01
2.044521000000000255e-01
2.651380130000000612e-01
3.299444630000000211e-01
4.341618999999999895e-01
5.044228499999999782e-01
5.331394999999999884e-01
4.547131999999999286e-01
3.534536000000000344e-01
3.401217999999999742e-01
5.321664000000000394e-01
4.552640000000000575e-01
4.223242000000000385e-01
2.216869399999999712e-01
1.140360399999999913e-01
1.338312000000000113e-01
9.324940000000002394e-02
1.652120499999999992e-01
2.799326500000000051e-01
3.786621500000000862e-01
3.977479500000000723e-01
2.782569500000000029e-01
2.793771000000000448e-01
3.084407599999999250e-01
2.784785600000000416e-01
3.971466000000000163e-01
4.039018000000000330e-01
4.358991000000000393e-01
4.931557000000000301e-01
4.606067999999999274e-01
1.014406150000000117e+00
7.473874499999999532e-01
1.062567449999999969e+00
5.092115499999999573e-01
4.113965999999999457e-01
4.885948000000001068e-01
4.326423500000000644e-01
3.933476999999999668e-01
5.472727999999998927e-01
6.513208000000000331e-01
5.390625500000000292e-01
4.861473500000000891e-01
4.584709000000000700e-01
4.183737799999999729e-01
5.197491300000000036e-01
4.422619500000000148e-01
5.217162000000000743e-01
4.045416999999999486e-01
4.953346999999999611e-01
3.848010999999998960e-01
4.709905999999999815e-01
4.565987000000000795e-01
4.473977000000000093e-01
2.761641000000000234e-01
3.089975999999999834e-01
3.520658999999999872e-01
4.320806999999999842e-01
2.404183000000000570e-01
4.944602999999999082e-01
5.101328000000000529e-01
3.328203000000000134e-01
3.422318000000000304e-01
1.958172999999999719e-01
2.973737000000000186e-01
3.370340000000000003e-01
3.640380117000000526e-01
2.188540116999999896e-01
1.598725000000000007e-01
1.604310000000000180e-01
2.180926000000000253e-01
3.346350999999999631e-01
2.866805000000000048e-01
3.381305000000000005e-01
5.070054000000000505e-01
5.766384000000001064e-01
5.198095000000000354e-01
3.129730999999999486e-01
2.666636000000000006e-01
4.386876999999999582e-01
4.082689999999999930e-01
3.952897000000000216e-01
5.312118999999999591e-01
4.780972000000000555e-01
4.353496000000000588e-01
4.141177999999999249e-01
5.144171999999999079e-01
3.554478500000000096e-01
3.046729499999999979e-01
3.888953999999999467e-01
4.179185999999999179e-01
4.901760500000000298e-01
4.082122999999999724e-01
2.524683500000000080e-01
2.748827000000000353e-01
2.153067999999999649e-01
5.697226499999999971e-01
7.144831499999999558e-01
4.990056500000000228e-01
4.340706499999999468e-01
4.465691999999999995e-01
3.910378999999999938e-01
2.601693999999999951e-01
3.285924000000000622e-01
3.694835999999999676e-01
3.490481000000000278e-01
3.257330999999999976e-01
2.738928999999999947e-01
4.249234000000000622e-01
3.689670999999999923e-01
1.667177999999999716e-01
1.719629000000000019e-01
4.027756000000000669e-01
4.346693000000000917e-01
1.657987999999999962e-01
2.939180000000000681e-01
2.214860000000000440e-01
2.464477500000000210e-01
2.943832499999999852e-01
3.806187999999999794e-01
5.766534999999999300e-01
6.801874500000000268e-01
6.328697700000001092e-01
5.270561700000000460e-01
6.661474499999999743e-01
5.944805499999999965e-01
