FramewiseDisplacement
5.754215000000001412e-01
1.558239000000000152e-01
8.570629999999999915e-02
7.023060000000001801e-02
7.150010000000001087e-02
8.078919999999999157e-02
1.127855000000000385e-01
1.884260000000000379e-01
2.675508500000000622e-01
1.712448499999999485e-01
1.192684999999999579e-01
6.287449999999998596e-02
2.573225000000000096e-01
4.977075000000000249e-01
2.278535000000000144e-01
9.514424999999995802e-02
8.860975000000005652e-02
2.336027499999999701e-01
1.903480999999999645e-01
1.431206499999999604e-01
1.134184999999999638e-01
1.055294999999999705e-01
2.018324999999999703e-01
2.466554999999999442e-01
2.832348000000000088e-01
4.840778999999999499e-01
3.079521000000000064e-01
2.076213499999999545e-01
1.192873500000000281e-01
2.127272500000000344e-01
1.673513499999999821e-01
1.321877500000000483e-01
1.353873999999999911e-01
7.729750000000000509e-02
1.354610499999999995e-01
2.439133415000000471e-01
3.092031915000000297e-01
2.123499999999999832e-01
9.549350000000002281e-02
7.678950000000002440e-02
1.892154500000000072e-01
2.720064999999999844e-01
2.622440000000000326e-01
1.180530999999999803e-01
2.977107999999999977e-01
3.115052999999999295e-01
1.852196000000000120e-01
1.615459000000000200e-01
4.973053499999999794e-01
1.036801500000000126e-01
1.313169999999999893e-01
1.627406000000000130e-01
1.327323999999999726e-01
1.439254999999999840e-01
2.098999999999999755e-01
1.869152000000000036e-01
8.182465000000002653e-02
1.223575000000000357e-01
8.818779999999998287e-02
3.817543500000000201e-01
1.339559999999999640e-01
3.944200999999999402e-01
3.710017999999999927e-01
2.409856000000000220e-01
2.581937000000000260e-01
3.212151000000000312e-01
2.410380999999999774e-01
2.184011000000000424e-01
1.988333999999999935e-01
1.102388100000000204e-01
1.722799899999999940e-01
1.356791999999999998e-01
1.532653699999999841e-01
3.962714000000003983e-02
1.156399699999999808e-01
1.127704999999999680e-01
9.359249999999999514e-02
2.501570000000002611e-02
1.381112999999999924e-01
2.193490999999999913e-01
2.131527000000000005e-01
3.054275000000000184e-01
1.516549999999999843e-01
1.280700999999999923e-01
2.939281999999999728e-01
4.372876999999999459e-01
1.308574000000000126e-01
1.964434999999999931e-01
1.415421000000000040e-01
9.064607399999999870e-01
5.712655399999999606e-01
3.380067000000000488e-01
2.522194999999999854e-01
1.725716830000000312e-01
1.430253170000000129e-01
1.734677709999999928e-01
4.110286790000000634e-01
2.743427499999999686e-01
3.945514999999999994e-01
3.169795999999999725e-01
4.552063499999999818e-01
3.225330499999999878e-01
4.114206500000001099e-01
2.830488000000000448e-01
1.066485999999999129e-01
8.965509999999995983e-02
1.943144500000000274e-01
3.107223499999999250e-01
2.570122499999999977e-01
1.475531500000000218e-01
9.256144999999996181e-02
2.456424499999999567e-01
2.036063499999999638e-01
1.168574000000000002e-01
7.289900000000007485e-02
6.937520000000001186e-02
2.505061000000000648e-01
4.311375999999999542e-01
1.349116000000000481e-01
3.107704000000000022e-01
3.000137000000000498e-01
2.265978999999999632e-01
4.014154000000000333e-01
3.575591000000000186e-01
2.328691300000000353e-01
5.086149699999999996e-01
5.667284000000000210e-01
1.961897700000000688e-01
1.719675299999999796e-01
3.519838000000000688e-01
2.359315000000000440e-01
3.887953000000000103e-01
4.243339000000000416e-01
3.570925999999999823e-01
1.643164000000000013e-01
1.263784500000000310e-01
1.195720000000000255e-01
2.716107499999999564e-01
1.347637999999999892e-01
1.264696500000000445e-01
3.339196500000000678e-01
5.469198000000000670e-01
1.368209499999999967e-01
3.177730499999999458e-01
2.473509999999999875e-01
1.958666999999999769e-01
6.666605000000001002e-01
3.349227499999999913e-01
1.650822200000000017e-01
1.619470439999999845e-01
1.354804759999999886e-01
2.374421300000000012e-01
3.679075199999999879e-01
1.386569950000000329e-01
2.840794450000000415e-01
1.684217000000000075e-01
2.760064499999999588e-01
8.800232999999996197e-02
2.285411000000000248e-01
2.895650199999999508e-01
9.429377000000002673e-02
7.272256999999997251e-02
3.437042400000000497e-01
1.831402000000000307e-01
2.200059500000000334e-01
2.795480000000000187e-01
6.591456600000000776e-01
2.717133400000000809e-01
6.186040499999999609e-01
1.567885999999999724e-01
1.702409000000000006e-01
2.254618499999999914e-01
1.896533200000000141e-01
8.462804000000000160e-02
1.176275100000000184e-01
1.226344000000000323e-01
5.370443100000001080e-02
6.801468100000003514e-02
3.045612662999999665e-01
1.898170567000000419e-01
2.156586000000000336e-01
2.274019000000000179e-01
2.782296999999999687e-01
1.519038799999999911e-01
4.811767300000000525e-01
2.688211000000000905e-01
2.404069000000000900e-01
2.164944999999999509e-01
3.226273600000000297e-01
3.663745999999999947e-01
7.455106400000000022e-01
2.954642999999999575e-01
2.422611500000000084e-01
4.410526500000000460e-01
1.252313999999999650e-01
1.175276999999999988e-01
5.099000000000000060e-02
7.791099999999998027e-02
1.150228500000000237e-01
1.228104499999999877e-01
1.717140400000000122e-01
7.167999000000002674e-02
9.113123999999997449e-02
1.795051750000000168e-01
2.268326150000000152e-01
1.564928999999999903e-01
8.625610000000000221e-02
1.708995199999999992e-01
2.406689000000000189e-01
4.963034799999999636e-01
2.186825000000000296e-01
4.381648500000001056e-01
2.329490499999999908e-01
1.965488999999999986e-01
1.666562999999999795e-01
2.365628000000000175e-01
1.112104000000000009e-01
2.447729999999999906e-01
2.022826999999999542e-01
1.657676000000000149e-01
1.792332999999999843e-01
1.541913204999999509e-01
1.331601004999999893e-01
1.349354199999999726e-01
4.192111000000000032e-01
1.669938000000000256e-01
2.993905000000000038e-01
3.496052499999999785e-01
4.731123499999999593e-01
1.747739999999999849e-01
1.072142000000000095e-01
8.946725000000006756e-02
9.030820000000000514e-02
2.501960499999999477e-01
3.163930500000000645e-01
7.115095499999999351e-01
3.772700999999998861e-01
2.277224099999999030e-01
2.530157400000001000e-01
1.789453700000000758e-01
1.524241800000000202e-01
4.109726000000000212e-01
2.543863099999999489e-01
1.831214999999999649e-01
2.240709599999999579e-01
4.704425499999999039e-01
6.474199000000000481e-01
2.069651399999999919e-01
4.453371400000000202e-01
4.632611999999999286e-01
5.116776000000000657e-01
1.932076000000000071e-01
9.952239500000001349e-02
1.168523549999999911e-01
8.112547000000001896e-02
2.216427799999999837e-01
6.763207999999999442e-01
9.135639099999999235e-01
2.785126799999999569e-01
2.268910000000002453e-02
3.598842599999999559e-01
4.643835000000000046e-01
5.077025600000000249e-01
3.227479600000000004e-01
2.676922099999999860e-01
2.542437600000000408e-01
2.410656000000000188e-01
2.044733000000000800e-01
1.419772999999999730e-01
1.813984999999999626e-01
2.642625999999999586e-01
2.192491439999999514e-01
2.356313490000000455e-01
3.150544349999999660e-01
6.313675499999998886e-01
2.365521049999999847e-01
3.034080449999999596e-01
3.295938000000000478e-01
4.500645999999999813e-01
1.698879000000000083e-01
6.407665900000000248e-01
2.962965099999999574e-01
1.468215000000000214e-01
1.250364000000000475e-01
1.800979000000000330e-01
1.147982999999999920e-01
2.583772200000000185e-01
3.144774200000000075e-01
2.124192999999999776e-01
1.493910999999999989e-01
2.738739000000000035e-01
3.090578999999999965e-01
2.474415999999999838e-01
1.432290999999999703e-01
2.533238999999999908e-01
2.592616999999999838e-01
3.107539500000000010e-01
6.653425499999999770e-01
1.473042000000000240e-01
