FramewiseDisplacement
4.302524999999999267e-01
2.629035000000000122e-01
2.346335000000001614e-01
8.619999999999994333e-02
2.026324999999998266e-01
2.517715000000001480e-01
1.866330000000000489e-01
7.194250000000003420e-02
1.166879999999999723e-01
1.758330000000000171e-01
1.380544999999998579e-01
7.860850000000003945e-02
1.590705000000000591e-01
1.711329999999999518e-01
2.346935000000000549e-01
1.856419999999999737e-01
1.069365000000000732e-01
5.817600000000006100e-02
1.309064999999999535e-01
2.303919999999998469e-01
2.543979999999999020e-01
2.235519999999998064e-01
1.611884999999999291e-01
6.611049999999987770e-02
1.980249999999999511e-01
2.167100000000000137e-01
1.762004999999999266e-01
8.021050000000014280e-02
1.729225000000001455e-01
1.926885000000000681e-01
2.466824999999999712e-01
8.522449999999995307e-02
1.980255000000001042e-01
2.178500000000000436e-01
1.143050000000000455e-01
1.256669999999998344e-01
1.016955000000001330e-01
2.222980000000000511e-01
1.445790000000000131e-01
1.162844999999998880e-01
1.451214999999999034e-01
1.607024999999998593e-01
1.583235000000001169e-01
1.785094999999999599e-01
4.931099999999991046e-02
2.030660000000000798e-01
3.000064999999998983e-01
1.446704999999998964e-01
1.279035000000001698e-01
1.778395000000000392e-01
2.101945000000000341e-01
1.073454999999999271e-01
1.493855000000000877e-01
1.254414999999998448e-01
1.135329999999999395e-01
1.579365000000000074e-01
5.985000000000004206e-02
1.491764999999999897e-01
1.489689999999999348e-01
6.023749999999987448e-02
1.142045000000000421e-01
1.774059999999999249e-01
1.686653000000000180e-01
1.383788000000000795e-01
1.770504999999999163e-01
1.371980000000000421e-01
1.642533000000000742e-01
1.546441999999999817e-01
1.177529999999999549e-01
1.827318999999998916e-01
1.165258000000000960e-01
1.895722000000000795e-01
2.213840000000000252e-01
1.644094000000000388e-01
1.278697000000000306e-01
2.121981000000000561e-01
7.924869999999988035e-02
1.022808999999999940e-01
2.039433999999999414e-01
2.767683999999999700e-01
2.751641000000001336e-01
1.451832000000000678e-01
1.304320999999998565e-01
2.893962000000000478e-01
2.411144000000000065e-01
9.771230000000000193e-02
2.568425999999999210e-01
1.605857999999998897e-01
1.201799999999999258e-01
1.681979999999999864e-01
1.430336999999998193e-01
1.590809999999998059e-01
1.509908999999999279e-01
1.548130000000000894e-01
2.348189999999999167e-01
1.266094999999998472e-01
2.497960000000000458e-01
2.395040000000001057e-01
1.093660000000000465e-01
1.729854999999998477e-01
1.520480000000000165e-01
9.627900000000004510e-02
2.309039999999999704e-01
2.710353999999998154e-01
7.536399999999995880e-02
1.245897999999998895e-01
1.308261000000000285e-01
1.753425999999999596e-01
1.325647000000000075e-01
2.010619999999999907e-01
1.836240199999999989e-01
3.128482799999999786e-01
2.391342999999999941e-01
6.231699999999994882e-02
1.217475000000000224e-01
2.079291999999999530e-01
2.460384999999999933e-01
6.641719999999992630e-02
1.437269999999999937e-01
2.429759000000000224e-01
2.487539000000000278e-01
2.741499000000000019e-01
3.381643000000000288e-01
8.724434999999997054e-02
2.534115000000000117e-01
2.294606000000000146e-01
3.571994999999999337e-02
2.523045000000000149e-02
1.702048999999999923e-01
1.997697999999999974e-01
1.183519999999999850e-01
8.777800999999998965e-02
1.170569099999999862e-01
1.877798399999999757e-01
1.137386600000000053e-01
1.686440499999999898e-01
2.165327999999999420e-01
1.350929300000000000e-01
1.536503699999999806e-01
1.443039899999999653e-01
1.302636050000000045e-01
1.779090249999999984e-01
1.410525499999999988e-01
1.110256500000000035e-01
1.802269600000000194e-01
1.156423000000000173e-01
1.453791600000000073e-01
1.506914699999999940e-01
2.036792299999999889e-01
2.306204235000000324e-01
1.662018650000000042e-01
8.770692849999997542e-02
1.990209699999999637e-01
7.705116999999998828e-02
1.341486000000000067e-01
7.385069000000001049e-02
1.465407999999999988e-01
5.002905000000000546e-02
3.211714999999999709e-02
2.160428999999999822e-01
2.321616600000000197e-01
5.535721000000000391e-02
1.767391500000000115e-01
2.923743699999999945e-01
8.881612000000002616e-02
1.806901399999999991e-01
1.512135000000000284e-01
9.948778999999999262e-02
1.384451800000000010e-01
1.221050099999999999e-01
2.394632900000000231e-01
9.300245999999998125e-02
2.164748200000000122e-01
2.909683899999999657e-01
8.160735000000000905e-02
2.267909300000000017e-01
2.494233599999999829e-01
4.755279000000001144e-02
1.851051299999999789e-01
9.085789000000001059e-02
8.691229999999999789e-02
3.024244999999999850e-01
2.052696999999999994e-01
1.921353399999999878e-01
1.209877500000000050e-01
2.006637500000000018e-01
2.322404000000000412e-01
1.306886499999999618e-01
5.817939000000006688e-02
2.681396999999999808e-01
2.419049400000000127e-01
3.751815000000001399e-02
2.035898500000000444e-01
1.467678000000000038e-01
1.890358500000000330e-01
1.174438200000000043e-01
2.578305900000000261e-01
2.461558429999999853e-01
2.079807830000000302e-01
6.004380000000003603e-02
1.179174000000000333e-01
2.390247999999999817e-01
1.722156500000000257e-01
1.645279500000000061e-01
2.216702499999999576e-01
1.654967500000000258e-01
1.993826999999999683e-01
8.508380000000000110e-02
1.810448000000000057e-01
1.256460000000000632e-01
1.943032000000000370e-01
6.990069999999998229e-02
2.270035999999999721e-01
3.180995000000000350e-01
1.706138000000000099e-01
3.732252999999999821e-01
3.389232999999999274e-01
4.633179999999998550e-02
2.536856999999999029e-01
2.150073000000000123e-01
1.461500000000000021e-01
8.665840000000005205e-02
2.464279000000001163e-01
3.100098000000000020e-01
2.156454999999999900e-01
1.853935000000001276e-01
1.177120000000000943e-01
1.715565999999999480e-01
1.928144799999999826e-01
3.597090799999999589e-01
2.800851000000000313e-01
1.931371999999999256e-01
1.281479000000000090e-01
1.226295000000001134e-01
1.465366999999999920e-01
2.228350000000000053e-01
1.118940999999999408e-01
2.229552200000000650e-01
2.733255199999999885e-01
9.782459999999996991e-02
1.858935000000000726e-01
8.987880000000002256e-02
1.780757999999999786e-01
2.253718800000000799e-01
1.093178199999999961e-01
1.738173999999999275e-01
5.408609999999993562e-02
3.079409999999998399e-02
2.079813000000000356e-01
3.001428000000000984e-01
1.048542999999999975e-01
2.264245999999999759e-01
1.092649249999999794e+00
5.615833500000000367e-01
3.065464999999999440e-01
2.519041499999999933e-01
1.837948500000000096e-01
2.813480500000000717e-01
1.341872500000000357e-01
2.338276099999999080e-01
4.348155999999993304e-02
2.073098499999997957e-01
2.704212000000001392e-01
9.436674999999995761e-02
9.946359999999987433e-02
1.887921000000000460e-01
8.250515000000002708e-02
1.091447649999998937e-01
1.665458800000000905e-01
8.521378499999998635e-02
1.714565499999998188e-01
9.099489999999998968e-02
2.632811500000000193e-01
3.662364499999998246e-01
3.805738499999999358e-01
2.073607999999999285e-01
1.335241375000000841e-01
3.027369874999998878e-01
3.769373999999999780e-01
4.341116500000000156e-01
3.298543000000001002e-01
2.391576000000000535e-01
8.961019999999990382e-02
2.231534500000000587e-01
4.861586799999998432e-01
3.858549800000001251e-01
1.442861000000000282e-01
1.269844500000001375e-01
2.091451000000000837e-01
9.642880000000010610e-02
1.563154499999999114e-01
6.236769999999981079e-02
1.304491500000000692e-01
8.370933499999988481e-02
8.511837499999974632e-02
1.122995399999999755e-01
2.015320999999998808e-01
2.086302499999999616e-01
1.316367099999999901e-01
