FramewiseDisplacement
6.307260500000000381e-01
2.626931999999999601e-01
1.042220499999999966e-01
9.850610000000002697e-02
1.724831000000000281e-01
1.904765499999999667e-01
1.418985499999999844e-01
4.329799999999993376e-02
7.030555000000003607e-02
1.123481499999999939e-01
2.419690000000003505e-02
6.423350000000004056e-02
8.954815000000000691e-02
1.408810500000000077e-01
9.547985000000007438e-02
3.265379999999995508e-02
9.023709999999997289e-02
1.562081499999999901e-01
1.067632499999999485e-01
8.746444999999999914e-02
5.154994999999999716e-02
7.888840000000006680e-02
8.646405000000007002e-02
6.581450000000003964e-02
6.989454999999997198e-02
7.715979999999995897e-02
6.470510000000004314e-02
5.624669999999997588e-02
1.431012499999999854e-01
7.096220000000000305e-02
9.552705000000002999e-02
1.421971499999999944e-01
7.611964999999999704e-02
6.815365000000002393e-02
7.053610000000004598e-02
1.171762999999999416e-01
1.839509899999999809e-01
1.815113899999999947e-01
9.996050000000002156e-02
6.978184999999999250e-02
5.343933999999996021e-02
8.859448999999998409e-02
8.233964999999995871e-02
7.200319999999998943e-02
1.090419499999999847e-01
8.822225000000004369e-02
2.813754999999996606e-02
6.551930000000001642e-02
8.342510000000000203e-02
5.718995000000003104e-02
9.983990999999997618e-02
1.110681099999999838e-01
8.702324999999995481e-02
9.126469999999999028e-02
8.867095000000001226e-02
7.196559999999999069e-02
7.999980000000000979e-02
5.127155000000001989e-02
5.334355000000001040e-02
8.784795500000000534e-02
1.059160049999999936e-01
1.426348000000000060e-01
9.557599999999999429e-02
8.930146999999999391e-02
6.001705499999999971e-02
8.248321499999999862e-02
7.244944000000000384e-02
3.289504999999998819e-02
5.484264999999998585e-02
2.686449999999997520e-02
6.860657500000000297e-02
6.602542500000001258e-02
9.084059999999999357e-02
9.667117999999996769e-02
1.346162299999999756e-01
4.244255000000000250e-02
1.998531000000000057e-01
2.632644499999999832e-01
2.923701999999999690e-01
2.349896999999999958e-01
1.457002500000000034e-01
6.980044999999999999e-02
8.798935000000000783e-02
1.296293999999999780e-01
1.088101999999999958e-01
5.480085000000001205e-02
4.507739999999998970e-02
6.326670000000000904e-02
2.999259999999999773e-02
7.111624999999999197e-02
9.540879999999998806e-02
8.193440000000000445e-02
7.131844999999999157e-02
1.201486500000000096e-01
1.710879999999999901e-01
1.429200999999999666e-01
1.188643999999999951e-01
7.862530000000000907e-02
2.359651300000000229e-01
1.918141899999999955e-01
4.676720949999999682e-02
8.051329349999998553e-02
1.215202739999999837e-01
6.247899999999999981e-02
1.018118049999999775e-01
8.577390499999999751e-02
9.137582499999999386e-02
7.940353499999998343e-02
7.119619000000000641e-02
7.756530500000000106e-02
3.694415499999999936e-02
4.692422000000001647e-02
6.564794999999999658e-02
8.226254500000000636e-02
7.566438550000000041e-02
1.385964405000000010e-01
1.069152500000000033e-01
4.745172500000000709e-02
6.781065000000000009e-02
4.812307499999999433e-02
6.701632500000000159e-02
3.385730000000000683e-02
4.465830500000000230e-02
3.500224500000000127e-02
1.948080999999999424e-02
6.297192499999998416e-02
5.301312500000000122e-02
3.776916500000000732e-02
1.622991500000001142e-02
6.029737999999999071e-02
7.760011499999999729e-02
7.256861000000000561e-02
4.416987499999999733e-02
3.646435000000000648e-02
4.673600000000000670e-02
5.990359999999998741e-02
7.350500000000000089e-02
4.834010000000001084e-02
3.940010000000000734e-02
5.379950000000000010e-02
4.981922000000001127e-02
2.686275499999999511e-02
4.746842499999999465e-02
5.979540500000000286e-02
6.346095500000001333e-02
4.565655000000000407e-02
3.783460000000000295e-02
1.888882000000000061e-01
3.111141950000000378e-01
1.803690351999999997e-01
6.235163380000000727e-02
8.043146110000000404e-02
1.522813728999999894e-01
1.095475550000000048e-01
3.556700499999999876e-02
3.073145999999999517e-02
4.022434250000000294e-02
1.917856269000000335e-01
1.222341443999999944e-01
1.151308300000000034e-01
9.194582999999999229e-02
6.796695999999999294e-02
1.203315600000000180e-01
8.680377000000000232e-02
9.778096999999999483e-02
6.007508999999999766e-02
8.790585500000000496e-02
2.822912499999999034e-02
2.956284999999999469e-02
7.091899999999999593e-02
6.845736999999998962e-02
5.254977999999999733e-02
5.273705000000000059e-02
7.380645999999999041e-02
5.814345999999999404e-02
7.877297000000001159e-02
1.026746699999999957e-01
7.604090000000000849e-02
4.672228000000000492e-02
1.015709299999999760e-01
8.885830000000000117e-02
8.294134000000000229e-02
1.756978399999999663e-01
6.356679500000000926e-02
7.155140999999998197e-02
8.568304000000000198e-02
8.669135000000000035e-02
3.533784999999999704e-02
1.032918949999999808e-01
7.894652999999998699e-02
1.055535349999999900e-01
7.844263999999999404e-02
1.470865099999999759e-01
2.111038349999999897e-01
1.855592499999999812e-01
8.222309999999997954e-02
1.078987000000000002e-01
8.776339999999999142e-02
1.267109499999999889e-01
3.102460000000002022e-02
7.933089999999996811e-02
7.664559999999999429e-02
7.682190000000001240e-02
7.463259499999999602e-02
5.128304000000000890e-02
6.388719500000002161e-02
1.316474900000000059e-01
7.711222499999999258e-02
6.881073500000001175e-02
8.176590999999999720e-02
2.320780499999999802e-01
2.505465000000000053e-01
1.389152000000000164e-01
8.200269999999998394e-02
1.003810000000000119e-01
3.086555000000003671e-02
1.927220499999999781e-01
1.684353000000000100e-01
1.763556500000000027e-01
6.830800000000000760e-02
5.008949999999997432e-02
5.477730000000000793e-02
5.088470000000001880e-02
6.561259999999997927e-02
9.742655000000000065e-02
7.525960000000002370e-02
1.258082999999999840e-01
1.065684000000000214e-01
8.964314999999999090e-02
7.437664999999998861e-02
5.187405000000001876e-02
7.844580000000000997e-02
4.748182000000000791e-02
7.984768000000000421e-02
4.342277999999999416e-02
4.742178000000000365e-02
8.416113500000002579e-02
9.122350499999998252e-02
1.873784650000000496e-01
1.773006649999999684e-01
1.044077149999999982e-01
1.141390000000000182e-01
6.634033500000002803e-02
7.565594500000002998e-02
9.643123499999997628e-02
5.367295699999999337e-02
4.679388299999998752e-02
6.419390000000001206e-02
1.025442100000000245e-01
1.432690768000000059e-01
1.281051668000000032e-01
1.114424100000000334e-01
6.174527999999999267e-02
3.145054999999998685e-02
5.676114999999999633e-02
7.667574999999998697e-02
8.252035000000002007e-02
6.732830000000002146e-02
6.153178999999998205e-02
6.820639999999998648e-02
3.987527999999998518e-02
6.674950800000001294e-02
6.042954200000000275e-02
5.250462000000000184e-02
8.514992000000001782e-02
1.451147999999999882e-01
2.621665999999999719e-01
2.734842499999999843e-01
2.013321200000000033e-01
4.304920000000000968e-02
6.479966999999997590e-02
6.364263999999997257e-02
2.079678499999999819e-01
1.252339000000000091e-01
7.380528499999995662e-02
8.063698499999998048e-02
1.645532249999999697e-01
1.727728000000000042e-01
1.108186550000000437e-01
5.676350000000000839e-02
1.129930000000000240e-01
1.327898999999999885e-01
7.759214999999999862e-02
1.118752999999999692e-01
6.053255000000002523e-02
2.041234599999999788e-01
1.347034080000000245e-01
1.072714879999999982e-01
1.136336799999999869e-01
1.650385999999999798e-01
1.223300999999999972e-01
1.766244500000000439e-01
4.836399999999996258e-02
9.670009999999996941e-02
1.264392500000000030e-01
5.144504999999999217e-02
8.008800000000002028e-02
6.476824999999998556e-02
9.881404999999995886e-02
