FramewiseDisplacement
4.647709999999999897e-01
6.051410000000000400e-01
2.354819999999999691e-01
2.332867500000000982e-01
2.198204000000000824e-01
6.714049999999999185e-02
3.219433499999999060e-01
4.011876999999998139e-01
3.882285999999998127e-01
1.832552999999998156e-01
2.216059999999997754e-01
1.523535000000000028e-01
1.821960000000001634e-01
2.493239999999999346e-01
4.458924999999998584e-01
2.390852000000001643e-01
2.567127000000000714e-01
1.401765999999999845e-01
2.626523000000002828e-01
3.119415000000002047e-01
3.041710000000000247e-01
4.355325000000001556e-01
5.867649999999998700e-01
2.740054999999999019e-01
9.000050000000003880e-02
2.017383000000000370e-01
1.584690999999999184e-01
3.583220999999998657e-01
2.428100000000001368e-01
2.857056000000001150e-01
4.119342499999998908e-01
8.159564999999983914e-02
2.947934500000000679e-01
4.855700000000009314e-02
2.829484000000000443e-01
3.669812500000000366e-01
1.174613500000000199e-01
1.437786000000000064e-01
3.640653000000001471e-01
3.201523500000000855e-01
1.134580000000001004e-01
2.602039499999999617e-01
3.513761999999999719e-01
1.627192499999999542e-01
4.952814999999990975e-02
8.467035000000004696e-02
1.037128000000000355e-01
3.011496000000000728e-01
1.312910999999999662e-01
1.595539000000000263e-01
1.952707500000000207e-01
4.307168500000000400e-01
2.301320050000000006e-01
1.259835699999999892e-01
2.927622850000000110e-01
4.454425499999999927e-01
3.693026499999999546e-01
2.278311500000000100e-01
2.312384000000000384e-01
2.185900499999999247e-01
7.091325000000008039e-02
3.849532500000001356e-01
2.438831499999999375e-01
3.260608999999999313e-01
4.396065500000000403e-01
3.319766999999999579e-01
2.918081499999999884e-01
2.158825500000000064e-01
4.834654999999996039e-02
1.151174000000000086e-01
2.928021499999999278e-01
4.006911999999999141e-01
1.812455000000000038e-01
6.057444999999996027e-02
2.677691000000000376e-01
3.070364500000000163e-01
1.947083999999999759e-01
3.000055000000005981e-02
2.163968499999999184e-01
1.501632999999998885e-01
9.026850000000001539e-02
1.349879499999999677e-01
3.722368499999999525e-01
1.527951499999999629e-01
2.100174500000001054e-01
4.850254999999997763e-02
2.591009000000000784e-01
1.035445500000000546e-01
5.559929999999995570e-02
3.231708500000001205e-01
3.496270999999999685e-01
2.996208999999999678e-01
1.629418000000000255e-01
2.716555999999999971e-01
3.077293999999999863e-01
6.085214999999991742e-02
1.058012000000000535e-01
8.579924999999999358e-02
2.384433499999999428e-01
1.325001499999999555e-01
2.454596000000000278e-01
1.831177000000000221e-01
7.456935000000002034e-02
3.632864300000000490e-01
4.463589300000000426e-01
1.437763349999999773e-01
3.587885149999999745e-01
2.475019300000000366e-01
6.386707999999999275e-02
6.329408999999998342e-02
2.231989600000000296e-01
3.743919999999999471e-01
2.308699700000000077e-01
5.376020999999998884e-02
8.140366999999999742e-02
5.324673000000001294e-02
1.422130050000000312e-01
1.718730649999999915e-01
3.532866999999999535e-01
2.048204399999999648e-01
2.170463400000000043e-01
3.179278999999999855e-01
1.187814399999999465e-01
2.436683550000000031e-01
1.444405450000000035e-01
7.244899999999998563e-02
1.489522500000000083e-01
7.385318999999999912e-02
2.433732900000000199e-01
1.269700999999999746e-01
1.425321499999999686e-01
2.648352499999999665e-01
3.976311999999999625e-01
3.047076599999999913e-01
7.861606999999999623e-02
3.186214300000000388e-01
1.268433700000000108e-01
1.892196499999999892e-01
6.425055000000001737e-02
1.392115949999999935e-01
1.136857450000000047e-01
1.048870999999999831e-01
8.244750000000009016e-03
2.332455999999999974e-01
2.732283500000000087e-01
2.547771600000000025e-01
9.184105000000000740e-02
8.513497499999998774e-02
4.752999500000000543e-02
8.645339149999999029e-02
2.685788649999999722e-02
1.042044999999999916e-01
2.692645500000000192e-02
5.998448500000000405e-02
2.049632200000000015e-01
1.124594775000000019e-01
8.050537750000000270e-02
4.407763000000000653e-02
1.146265700000000248e-01
2.975926199999999744e-01
4.093508000000000147e-01
3.889140899999999346e-01
2.770145699999999600e-01
3.710672899999999941e-01
3.038781600000000083e-01
2.293209799999999798e-01
1.826818629999999999e-01
1.343534080000000075e-01
3.558862499999999179e-02
1.509404219999999908e-01
3.458391280000000512e-01
2.883477400000000190e-01
2.539721000000000339e-01
1.683800000000000296e-01
1.003673500000000079e-01
2.547217999999999427e-01
2.488050499999999998e-01
9.194384999999999364e-02
8.070054999999999590e-02
4.620909999999998907e-02
6.442580000000000529e-02
2.207577999999999763e-01
9.144009999999999638e-02
2.403585500000000597e-01
7.299775000000000014e-02
1.168033000000000127e-01
5.594677500000000414e-02
3.115616150000000140e-01
4.115636350000000387e-01
1.049944550000000143e-01
8.721798000000000051e-02
5.500346500000000138e-02
4.054249349999999863e-01
3.680416899999999769e-01
1.827310900000000127e-01
2.051854999999996876e-02
1.870797250000000300e-01
2.440458250000000218e-01
1.514674500000000035e-01
1.522647499999999487e-01
1.885270500000000016e-01
1.008661000000000141e-01
5.588030000000002856e-02
8.215088999999999031e-02
1.375472399999999873e-01
1.105795299999999814e-01
3.611292899999999917e-01
3.971833900000000250e-01
2.269917499999999921e-01
1.810357999999999967e-01
2.148885499999999837e-01
9.472169999999999201e-02
6.723860000000000947e-02
9.376314999999998956e-02
6.725657999999996861e-02
3.041595500000000007e-01
4.581933479999999448e-01
1.502244320000000188e-01
6.867108999999997632e-02
5.807900999999997260e-02
3.227297299999999924e-01
5.369323499999999472e-01
5.698699900000000484e-01
3.865918100000000357e-01
2.698718300000000347e-01
1.012044039999999978e-01
2.518930559999999486e-01
1.309504099999999893e-01
1.184768700000000258e-01
4.298654000000001751e-02
2.098919399999999713e-01
9.608059999999993273e-02
7.220575000000002686e-02
1.560196500000000652e-01
1.201401100000000499e-01
7.395152999999998755e-02
2.528672000000001252e-02
7.037822000000004685e-02
7.295595999999997250e-02
2.478479599999999783e-01
1.430968799999999541e-01
2.393884399999999524e-01
3.549438800000000449e-01
2.793386800000000059e-01
2.100019499999999650e-01
1.227506500000000167e-01
3.154068000000000427e-01
2.772352000000000150e-01
1.253273000000000026e-01
1.109779500000000474e-01
7.529679999999999707e-02
6.155730000000002311e-02
1.244815499999999825e-01
2.857252000000000125e-01
9.373664999999997693e-02
1.478539500000000395e-01
6.662299999999997391e-02
3.480895999999999990e-01
2.235407000000000366e-01
1.493050999999999962e-01
3.871280000000004023e-02
1.602822499999999872e-01
1.275897599999999688e-01
8.526298999999998296e-02
1.622585000000000277e-01
2.064392999999999645e-01
2.316643999999999370e-01
1.091639999999999694e-01
5.482064999999996385e-02
7.906420000000000115e-02
3.578738100000000699e-01
3.305879699999999533e-01
3.040774800000000111e-01
3.671897100000000025e-01
1.651377200000000434e-01
8.706944999999997881e-02
1.771423639999999411e-01
9.029480800000003193e-02
2.904779940000000171e-01
2.073344000000000020e-01
1.120801000000000575e-01
1.278165000000000551e-01
1.346759500000000165e-01
1.781694000000000333e-01
4.643462999999999341e-01
3.145294000000000145e-01
3.181476999999999777e-01
4.314942999999999418e-01
1.599913999999999781e-01
5.232490000000002139e-02
6.571065000000000933e-02
1.147899500000000295e-01
1.621899499999999716e-01
2.632295499999999788e-01
2.346179900000000540e-01
3.052940900000000179e-01
1.711877999999999733e-01
1.547046000000000532e-01
7.320365000000002287e-02
