FramewiseDisplacement
4.310729000000000366e-01
1.871367139999999540e-01
7.712351599999998919e-02
6.488552999999999682e-02
9.484979999999994249e-02
7.512629999999999308e-02
1.329847000000000390e-01
6.770657000000003534e-02
1.205313699999999988e-01
7.924900000000001388e-02
5.753554999999999087e-02
9.466654999999997433e-02
1.062698500000000545e-01
8.045795000000000030e-02
1.201109999999999955e-01
6.068019999999994113e-02
8.331880000000004005e-02
9.967765000000000652e-02
9.613394999999999579e-02
6.500140999999996783e-02
6.346201000000001313e-02
8.957960000000000922e-02
7.170731000000005184e-02
6.062431000000003539e-02
5.435179999999995015e-02
8.809550000000003489e-02
6.175429999999999114e-02
6.852749999999996344e-02
6.141230000000004463e-02
5.469634000000003771e-02
1.029527899999999885e-01
6.105905000000001054e-02
1.051322599999999913e-01
7.235636000000002233e-02
8.052739999999999898e-02
6.656458999999999293e-02
8.111448999999996967e-02
6.163100000000000522e-02
6.528749999999998443e-02
3.828330000000000621e-02
9.209949999999998693e-02
2.345010000000001538e-02
5.593760000000001092e-02
2.240175000000000499e-02
5.373812000000002809e-02
8.368725999999999943e-02
3.248025000000000911e-02
5.137332000000002785e-02
9.235190000000000066e-02
4.582305000000001793e-02
7.498697999999998087e-02
4.171245999999999288e-02
7.247759000000000840e-02
7.197127999999999859e-02
6.170764999999998196e-02
6.812403999999995519e-02
4.903961999999999904e-02
7.181539000000003448e-02
7.389226999999995438e-02
1.185495299999999863e-01
9.303757999999999473e-02
6.469242000000001436e-02
4.756141999999997927e-02
7.186143999999999865e-02
7.684247999999999079e-02
4.363230000000001274e-02
1.040022999999999781e-01
4.952644999999998576e-02
5.142869999999997999e-02
6.148000000000000687e-02
9.719760000000000899e-02
4.998774999999999746e-02
2.644394999999999385e-02
2.581374999999998948e-02
7.355100000000001914e-02
5.671840000000002990e-02
3.253700000000001036e-02
3.471439999999997861e-02
4.654733999999999261e-02
4.209083999999999048e-02
2.244195000000000217e-02
4.577504999999997687e-02
5.149879999999999736e-02
4.470109999999997974e-02
4.699780000000002012e-02
4.050830000000000403e-02
6.587740000000001650e-02
2.236420000000000768e-02
4.829720000000001234e-02
6.308340000000001169e-02
3.386129999999996920e-02
3.576180000000001025e-02
5.654189999999999910e-02
6.386290000000001410e-02
9.727870000000002348e-02
6.256804999999998618e-02
1.766943499999999723e-01
5.369169999999999499e-02
6.423687999999996845e-02
1.243938299999999553e-01
9.048439999999999261e-02
7.451018000000000918e-02
7.908674499999998608e-02
7.335665499999997896e-02
5.926350999999999147e-02
8.129801999999997086e-02
6.646714999999998874e-02
7.395894999999999553e-02
6.866954999999999587e-02
8.227910000000000779e-02
4.986300000000001148e-02
5.441409999999999997e-02
3.420412999999998538e-02
9.196051999999999005e-02
5.129169999999999563e-02
4.372944000000000137e-02
3.064493000000000078e-02
5.178252999999999329e-02
1.109137999999998403e-02
6.575954999999999995e-02
6.337871999999999950e-02
3.231635999999998149e-02
4.831638999999998685e-02
3.307968000000000713e-02
9.099625000000000075e-02
4.972395000000000287e-02
3.531301999999999358e-02
3.953271999999999342e-02
4.552296999999999594e-02
1.829949000000000159e-02
4.751886700000000630e-02
4.466694599999999904e-02
2.882787199999999744e-02
3.501135300000000200e-02
2.762568999999999442e-02
8.811111000000000637e-02
1.357168500000000277e-01
9.174171000000000409e-02
1.643751499999999977e-01
6.702036000000000104e-02
7.270501499999998396e-02
1.248859850000000049e-01
8.609957999999999501e-02
2.162548999999999721e-02
4.421923200000000415e-02
1.696150800000000361e-02
2.604597999999999983e-02
3.752754999999999980e-02
1.588013999999999745e-02
8.425401000000000418e-02
4.714492674999999633e-02
4.111827725000000155e-02
8.291818300000000641e-02
4.956987799999999778e-02
6.459022500000000111e-02
6.519495000000000151e-02
5.505322000000000687e-02
4.074334000000000289e-02
6.889050000000002463e-03
4.832800199999999491e-02
8.247792200000000906e-02
2.905947999999999171e-02
4.425420399999999838e-02
1.970045600000000161e-02
4.853812999999999878e-02
3.000248000000000498e-02
2.373271999999999188e-02
4.061921000000000281e-02
5.096071000000000628e-02
4.069224999999998538e-02
7.493092999999999282e-02
2.297739099999999701e-01
1.915731900000000321e-01
1.501157000000000186e-01
4.900870000000001614e-02
7.480249999999999400e-02
8.269019999999999149e-02
5.151950000000000973e-02
1.079065000000000163e-01
7.204329999999997680e-02
2.233989999999999934e-02
7.381769999999999998e-02
6.335219999999998353e-02
1.342254999999997755e-02
2.701985000000001538e-02
1.920414999999999969e-02
4.889434999999998921e-02
6.386164999999997816e-02
5.196680000000000049e-02
6.867044999999996624e-02
4.024325000000002206e-02
4.976639999999998842e-02
1.903030000000000346e-02
5.163960000000000772e-02
4.069650000000001044e-02
8.067199999999999371e-02
4.170259999999999939e-02
3.723739999999997607e-02
9.960990000000000122e-02
8.966940000000001021e-02
1.027468000000000131e-01
1.138370999999999966e-01
3.350799999999996837e-02
2.430620000000000003e-02
4.112090000000005741e-02
4.289875000000004102e-02
1.065878000000000242e-01
1.090820900000000065e-01
6.978725999999998986e-02
9.205094999999996475e-02
6.627255000000001339e-02
3.253479999999998179e-02
6.274245899999998655e-02
3.877551899999997359e-02
2.689203999999996431e-02
8.005720000000002279e-02
5.860490000000001531e-02
4.337929999999996789e-02
7.301140000000001795e-02
7.661179999999999379e-02
4.201225000000001486e-02
3.799809999999997218e-02
5.567119999999995544e-02
7.749520000000002795e-02
7.417260000000001907e-02
2.321489999999994808e-02
3.698685000000002943e-02
4.944444999999997314e-02
4.753360000000004387e-02
3.768564999999998721e-02
5.126224999999996756e-02
4.213294999999998847e-02
6.457530000000001602e-02
5.156792999999998406e-02
6.992617999999999057e-02
4.208634999999998072e-02
4.386459999999998277e-02
4.561809999999999476e-02
6.943765000000000354e-02
5.187594999999997625e-02
5.861175000000001106e-02
2.104014999999997623e-02
1.047180999999999668e-01
3.259390000000001592e-02
4.949540000000003659e-02
3.948790000000003408e-02
8.487499999999997824e-02
6.628310000000001145e-02
3.805899999999996786e-02
2.976454999999997297e-02
4.479339999999996241e-02
8.791564999999994245e-02
9.522030000000003547e-02
5.640989999999998505e-02
7.481633499999996995e-02
7.928011999999992621e-02
2.670741500000002600e-02
5.562687999999999661e-02
4.594779499999997185e-02
1.009313649999999535e-01
4.497088500000000488e-01
1.062858999999999748e-01
1.162211500000000786e-01
3.452289999999999526e-02
6.792495000000002559e-02
7.141424999999998469e-02
3.692914999999998005e-02
3.529489999999994854e-02
1.028057000000000554e-01
6.319050000000005218e-02
1.289684999999999582e-01
5.098350000000002186e-02
3.814849999999996716e-02
4.884399999999995690e-02
7.356099999999995975e-02
3.410900000000001431e-02
3.897249999999996550e-02
6.300000000000001432e-02
5.837650000000000478e-02
4.215650000000002728e-02
3.575100000000004663e-02
6.352850000000005715e-02
4.238250000000002432e-02
2.400800000000003279e-02
7.343239999999998102e-02
8.643889999999994356e-02
6.837300000000004485e-02
9.168149999999999911e-02
2.007304999999999506e-01
2.165976000000000568e-01
1.877450999999999426e-01
6.981280000000007757e-02
1.015011999999999998e-01
1.091203000000000173e-01
8.271629999999999261e-02
6.891139999999998378e-02
4.840280000000003746e-02
1.112201999999999913e-01
8.110810000000001629e-02
