FramewiseDisplacement
6.531671350000000098e-01
2.023008100000001086e-01
1.057886400000000032e-01
1.267267049999999950e-01
2.221883550000000596e-01
1.444232000000000848e-01
2.040817500000000895e-01
3.895604999999996432e-02
5.611160000000000453e-02
8.324900000000007294e-02
4.551594999999995783e-02
5.070999999999993568e-02
8.641514999999996838e-02
4.347239999999996662e-02
1.267579999999998534e-02
5.648859999999997911e-02
6.305790000000004170e-02
7.529690000000004158e-02
8.471040000000006065e-02
6.710010000000007913e-02
6.850218999999997671e-02
7.871868999999991068e-02
1.418621499999999647e-01
3.305649999999996091e-02
1.181533500000001013e-01
1.370297999999999239e-01
3.791615299999998023e-02
1.338345029999999380e-01
6.872979999999991041e-02
6.023044999999998400e-02
1.154697899999999472e-01
1.464098399999999300e-01
2.045093499999999231e-01
2.605270999999999004e-01
2.738752999999999327e-01
1.429958499999999244e-01
6.401030000000003384e-02
8.640179999999998695e-02
5.888977000000001488e-02
1.336114199999999808e-01
7.199534999999997187e-02
9.443561000000000316e-02
1.173743299999999989e-01
2.221093800000000229e-01
1.514864399999999167e-01
8.011685499999991744e-02
1.303555949999999630e-01
7.848525000000004803e-02
1.809210899999999234e-01
4.292562000000000461e-02
8.097855000000003800e-02
6.725936999999992949e-02
1.428684000000000343e-01
2.684362199999999476e-01
1.422332500000000055e-01
1.696694899999999506e-01
1.258557400000000215e-01
1.005497399999999569e-01
8.491525999999997854e-02
1.194965900000000136e-01
8.412402999999998854e-02
2.636775399999999880e-01
4.855231999999999881e-01
3.544433000000000167e-01
2.079643399999999698e-01
2.427841799999999883e-01
5.111533999999998135e-02
7.365484999999996618e-02
8.345319999999999128e-02
3.223111499999999907e-01
4.078283799999999903e-01
2.157319300000000162e-01
3.547845499999999763e-01
3.558429999999999649e-01
4.200146000000000157e-01
5.102023500000000267e-01
3.402661499999999339e-01
3.198867200000000133e-01
1.732749700000000281e-01
3.724219500000000571e-01
3.465737499999999582e-01
3.166117600000000198e-01
1.515878600000000187e-01
1.966447499999999515e-01
5.406963499999999367e-01
4.335051500000000058e-01
3.945125600000000121e-01
3.007074500000000428e-01
1.795261400000000007e-01
3.896807499999999647e-01
2.003031849999999392e-01
2.933377349999999884e-01
6.002487999999999158e-01
4.364198599999999373e-01
1.573044400000000176e-01
7.848892000000000368e-02
2.746600500000000444e-01
7.986161999999999428e-02
2.548839900000000602e-01
3.971058099999999480e-01
5.287411200000001754e-01
5.223966199999999782e-01
1.649236500000000050e-01
2.631004100000000068e-01
5.006273600000000767e-01
3.372178500000000412e-01
2.701575999999999977e-01
2.888689500000000132e-01
3.757152800000000403e-01
2.479251300000000213e-01
7.274931000000001147e-02
1.769831000000000321e-01
3.317597224999999650e-01
2.070637124999999690e-01
1.584542999999999924e-01
1.159542999999999963e-01
2.786835499999999466e-01
5.073459999999999637e-01
5.987277799999999317e-01
8.454071999999998588e-02
1.999850400000000306e-01
2.140821899999999500e-01
1.923299399999999493e-01
1.511040499999999898e-01
3.875517500000000282e-01
2.723470299999999900e-01
2.880551829999999924e-01
1.989213330000000057e-01
9.868138500000001034e-02
1.772400249999999955e-01
2.912930549999999674e-01
1.692825265000000301e-01
4.649288700000000357e-02
4.134542000000000078e-02
3.564977000000001117e-02
7.119178450000000768e-02
9.911156999999998218e-02
1.018099699999999858e-01
1.178124544999999967e-01
3.198258755000000231e-01
2.122142855000000161e-01
1.094283404999999848e-01
1.962074150000000239e-01
2.651016099999999875e-01
1.604969049999999953e-01
3.683858050000000106e-01
1.509190350000000347e-01
1.156539950000000094e-01
2.351955599999999980e-01
2.930946155000000442e-01
4.445591375000000345e-01
2.373838080000000017e-01
7.542269000000000057e-02
1.646664000000000183e-01
1.577572899999999945e-01
3.220167849999999721e-01
2.022297750000000005e-01
3.177093949999999500e-01
2.735253249999999303e-01
1.984774700000000169e-01
2.188415900000000025e-01
1.594568899999999900e-01
1.954640500000000281e-02
1.035118820000000134e-01
1.220940230000000098e-01
2.434636499999999759e-01
3.465126649999999420e-01
1.676843649999999741e-01
1.558604500000000115e-01
6.737401999999999280e-02
1.184875400000000023e-01
6.174662500000000637e-02
1.002454250000000130e-01
2.213925499999999935e-01
3.217456499999999942e-01
8.766970999999998404e-02
2.187492600000000009e-01
3.532638000000000167e-01
2.500428599999999779e-01
2.556462899999999427e-01
1.180282999999999749e-01
1.225691299999999845e-01
1.416657199999999950e-01
1.323650000000000104e-01
5.302735000000001475e-02
1.274574499999999999e-01
6.366555000000000131e-02
8.450759999999998828e-02
1.055661999999999989e-01
8.777264999999999373e-02
5.063949999999999008e-02
9.408320000000000571e-02
7.653230000000001143e-02
5.828538000000001162e-02
9.046213000000000171e-02
1.126419000000000170e-01
7.181635000000000102e-02
1.328329500000000052e-01
4.904389999999999444e-02
1.420119499999999979e-01
1.744295750000000034e-01
7.566144499999999384e-02
1.224532385000000057e-01
9.949028350000001242e-02
1.574519924999999709e-01
1.459608275000000011e-01
1.186268700000000093e-01
1.256502200000000069e-01
5.561818999999999791e-02
1.042087499999999889e-01
7.835903500000000743e-02
9.633873499999999479e-02
1.229259199999999941e-01
1.330467150000000098e-01
3.394550000000001039e-02
1.297874999999999723e-01
1.727490550000000402e-01
1.480607050000000424e-01
1.474646000000000012e-01
1.446932949999999996e-01
1.781878999999999824e-01
2.674718000000000373e-01
1.314417499999999961e-01
3.308745000000001130e-02
1.951813169999999931e-01
1.119479930000000095e-01
1.936423599999999856e-01
9.645259999999999945e-02
1.310277500000000261e-01
1.244285499999999711e-01
1.267284000000000188e-01
1.671241500000000268e-01
1.452414000000000205e-01
9.153250000000003050e-02
2.504372000000000265e-01
1.416137999999999841e-01
3.375048414999999857e-01
2.185216915000000037e-01
1.131505499999999886e-01
1.241360850000000349e-01
1.680689449999999974e-01
2.394622000000000139e-01
3.051354499999999748e-01
2.225066500000000280e-01
1.437953299999999990e-01
2.823236799999999658e-01
2.603559999999999763e-01
2.914504449999999469e-01
1.108725949999999905e-01
5.881072100000001718e-02
1.954893109999999989e-01
2.409005199999999791e-01
1.863299499999999942e-01
1.131357000000000057e-01
1.479824999999999890e-01
1.476853099999999863e-01
2.134499249999999848e-01
8.885028500000001495e-02
6.304037999999996533e-02
1.452388899999999816e-01
1.586696100000000165e-01
2.965207850000000089e-01
2.490592850000000191e-01
1.088950000000000196e-01
1.510460499999999873e-01
2.420197350000000691e-01
1.000055850000000218e-01
2.269112400000000140e-01
4.357124999999999193e-02
6.254958999999998825e-02
2.751040799999999731e-01
1.612012499999999904e-01
6.956272999999998929e-02
1.561925450000000160e-01
2.365999170000000207e-01
2.605301819999999990e-01
3.855218400000000600e-01
3.613482650000000018e-01
9.456014499999999823e-02
2.121716499999999894e-01
2.664270479999999997e-01
3.051653280000000135e-01
2.417774399999999546e-01
2.598824899999999660e-01
1.468377999999999628e-01
1.768516749999999860e-01
1.664232779999999801e-01
2.349052530000000083e-01
1.813274500000000289e-01
1.023379000000000372e-01
1.075082000000000260e-01
9.718744999999995304e-02
1.392534000000000272e-01
1.124630500000000366e-01
1.733227450000000003e-01
9.188256999999999675e-02
6.128444000000001640e-02
1.790303549999999744e-01
2.028388760000000013e-01
