FramewiseDisplacement
3.976265000000001049e-01
4.856784999999999020e-01
2.834625000000001172e-01
7.905449999999991650e-02
2.165795000000000359e-01
1.117220000000000296e-01
1.475899999999999435e-01
1.521739999999999204e-01
1.197429999999998773e-01
1.402250000000000441e-01
1.733599999999999863e-01
2.147525000000001238e-01
1.230374999999999941e-01
1.875420000000000975e-01
1.899209999999998955e-01
8.276400000000010138e-02
2.469804999999999084e-01
1.149339999999999529e-01
1.253709999999999825e-01
1.514839999999999243e-01
2.266934999999999922e-01
1.915864999999999652e-01
1.627935000000000632e-01
1.705149999999998681e-02
7.991849999999985077e-02
1.290945000000000009e-01
7.130750000000002364e-02
8.979999999999993543e-02
7.543749999999994904e-02
1.160609999999999836e-01
1.050385000000000346e-01
9.277549999999999686e-02
8.147600000000000675e-02
1.725230000000000097e-01
6.042000000000005006e-02
1.238869999999999971e-01
1.695515000000000494e-01
9.773450000000004356e-02
1.175209999999999311e-01
1.190800000000000053e-01
1.251675000000000426e-01
1.408270000000000632e-01
1.910644999999999982e-01
2.021840000000000026e-01
7.835850000000002535e-02
6.961249999999993832e-02
1.128565000000000540e-01
1.164575000000000748e-01
6.300500000000003320e-02
1.338964999999999461e-01
1.584510000000000363e-01
1.350758999999999987e-01
1.239280000000000381e-01
1.313356999999999442e-01
1.107391000000000347e-01
1.747824999999999795e-01
2.260615000000000263e-01
1.642431000000000585e-01
7.975240000000000107e-02
1.399468000000000378e-01
7.762178000000005684e-02
1.011724800000000368e-01
5.559192999999998386e-02
1.185416800000000104e-01
1.819704999999999795e-01
9.929087000000003105e-02
9.477454999999999907e-02
5.188534000000002283e-02
8.440388999999999531e-02
6.687150000000001426e-02
7.165020000000002498e-02
8.908489999999998077e-02
1.176019999999999566e-01
1.021669999999999801e-01
1.005329999999999835e-01
7.833880000000004173e-02
8.374519999999999187e-02
7.528690000000004545e-02
1.312261000000000677e-01
9.607049999999994760e-02
1.198184000000000193e-01
6.087428999999999757e-01
4.548200500000000313e-01
1.593873999999999569e-01
9.458739999999998815e-02
4.260560000000001429e-02
1.193140500000000048e-01
1.595641750000000025e-01
8.469417499999999654e-02
7.666219999999999979e-02
9.084755499999999651e-02
5.068729299999998050e-02
1.091665680000000055e-01
8.663999999999999480e-02
1.409092650000000058e-01
1.206617949999999884e-01
1.346876200000000079e-01
1.096756999999999871e-01
7.472745000000000082e-02
1.029036999999999868e-01
8.552780000000001492e-02
1.430015999999999787e-01
1.591586000000000112e-01
1.737727499999999758e-01
1.187558499999999823e-01
1.612967999999999902e-01
6.070965000000000389e-02
8.955085000000000128e-02
8.092029150000001891e-02
7.040489149999999696e-02
1.668582499999999857e-01
1.227081500000000158e-01
1.457367000000000246e-01
1.387723999999999902e-01
1.574204549999999925e+00
1.080136900000000066e+00
3.651423999999999226e-01
1.772449999999999859e-01
8.690222999999999698e-02
3.052871999999999184e-02
1.560890400000000122e-01
1.539529030000000298e-01
1.135766889999999807e-01
1.646829599999999894e-01
2.144858000000000042e-01
1.206906399999999879e-01
1.872366000000000030e-01
8.477030000000000676e-02
1.221547499999999925e-01
1.038844800000000013e-01
1.109799950000000118e-01
6.069729500000000527e-02
7.318302000000000140e-02
1.292151599999999956e-01
1.844209500000000279e-01
9.255888999999997702e-02
7.792330900000001004e-02
3.071779679999999679e-01
3.124547779999999886e-01
8.713971500000003423e-02
1.536235400000000306e-01
9.998535999999999535e-02
1.079139900000000013e-01
7.033820000000000350e-02
8.936515000000000430e-02
1.009718000000000004e-01
4.183479999999999838e-02
8.082229999999999970e-02
1.439913999999999916e-01
4.300983999999999918e-01
5.670326999999999451e-01
4.915503999999999984e-01
2.390264999999999751e-01
1.972627999999999882e-01
1.943334499999999632e-01
1.393536999999999693e-01
9.080733000000003330e-02
1.137733999999999829e-01
1.028554999999999886e-01
6.995117000000000695e-02
6.443283000000002425e-02
1.365495699999999812e-01
1.233889000000000513e-01
7.480442999999999953e-01
2.465988700000000533e-01
4.444905900000000742e-01
1.889462300000000206e-01
1.396527600000000424e-01
1.738828299999999882e-01
1.588295339999999944e-01
1.252959940000000216e-01
6.396584999999999077e-02
1.438246000000000246e-01
1.368583499999999620e-01
1.569708500000000229e-01
1.022528999999999522e-01
9.863889999999997382e-02
1.073985499999999954e-01
2.096316500000000305e-01
1.030338000000000087e-01
1.441718100000000113e-01
1.087968599999999814e-01
6.548637999999999681e-02
4.028456999999997790e-02
5.602008999999997380e-02
4.514763999999998889e-02
5.960778999999999384e-01
4.254775000000000085e-01
1.293555499999999858e-01
1.825675400000000281e-01
1.236537100000000139e-01
1.106260500000000035e-01
1.023490000000000233e-01
8.339540000000000841e-02
1.980166999999999899e-01
6.226544999999999996e-02
6.219195000000000279e-02
1.102457999999999910e-01
1.474590000000000345e-01
9.110790000000001942e-02
1.819970500000000491e-01
9.581664999999998933e-02
6.168234999999998303e-02
6.138290000000003882e-02
9.088774999999998938e-02
1.232373999999999692e-01
7.576430000000002052e-02
1.733540999999999832e-01
1.672427000000000219e-01
4.271280000000002297e-02
1.186231999999999703e-01
2.432053499999999868e-01
1.835546000000000399e-01
8.895630000000000204e-02
1.008875500000000064e-01
8.676968000000000458e-01
7.526841000000000781e-01
3.366410999999999154e-01
1.753395000000000370e-01
1.322678000000000464e-01
1.009708999999999746e-01
9.527640000000005271e-02
1.108302500000000329e-01
3.109470500000000026e-01
1.555455000000000032e-01
1.252532000000000090e-01
1.280248500000000234e-01
1.740822999999999676e-01
6.214752500000000346e-01
3.769526500000000002e-01
2.215456500000000106e-01
2.406157499999999616e-01
7.305365000000003939e-02
1.769738500000000436e-01
1.029855500000000090e-01
9.178075000000002204e-02
2.358872499999999373e-01
1.008618000000000292e-01
9.514519999999995759e-02
1.336711000000000427e-01
4.825630000000000197e-02
1.976784000000000319e-01
1.044590500000000255e-01
