FramewiseDisplacement
6.316283099999999706e-01
1.639027900000000204e-01
3.000103000000000075e-01
1.998636999999999775e-01
3.174749000000000043e-01
3.479734999999999912e-01
3.228273000000000392e-01
4.528042999999999374e-01
5.252740999999999660e-01
5.071363000000000953e-01
3.291988000000000691e-01
2.161360999999999699e-01
3.065155999999999992e-01
3.524205999999999728e-01
4.386000999999998817e-01
3.580105999999999566e-01
2.284675000000000178e-01
2.855745000000001199e-01
3.099731999999998933e-01
3.625656999999999353e-01
3.452804999999999902e-01
2.726520000000001165e-01
2.249144999999999062e-01
1.730697000000000207e-01
2.018686999999999565e-01
1.957284999999999997e-01
7.028600000000001513e-02
7.675329999999995489e-02
1.051026199999999911e+00
9.251258999999999455e-01
3.876115000000000532e-01
3.019856000000000207e-01
3.174930999999999726e-01
4.558164000000000105e-01
2.539314000000000293e-01
1.460604999999999543e-01
2.800817000000000445e-01
4.192602000000000273e-01
4.775524999999999354e-01
1.942235900000000293e-01
4.717035899999999504e-01
4.774576999999999849e-01
2.519266999999999479e-01
1.434655000000000236e-01
2.494319999999999871e-01
4.056894999999999807e-01
1.390085700000000535e-01
2.556077700000000119e-01
3.514620800000000100e-01
1.425486189999999598e-01
3.845336610000000266e-01
3.705923999999999885e-01
3.360078999999999705e-01
4.877685999999999411e-01
3.576204000000000049e-01
1.732408999999999477e-01
2.156966999999999635e-01
1.982947999999999655e-01
1.823750000000000648e-01
4.380509000000000208e-01
5.658891999999999811e-01
3.583731000000000000e-01
2.669530999999999987e-01
2.622248999999999830e-01
2.274403999999999870e-01
1.448734889999999664e-01
2.112961110000000087e-01
1.902029000000000358e-01
1.385955000000000381e-01
1.542116999999999793e-01
3.434393200000000479e-01
1.510431500000000149e-01
1.197085899999999620e-01
3.117983599999999411e-01
2.932257999999999809e-01
2.240735999999999284e-01
2.022250499999999895e-01
1.848173999999999928e-01
2.254911300000000396e-01
1.978026299999999515e-01
3.350469500000000100e-01
4.915630999999998640e-01
4.892929999999999224e-01
3.494991870000000445e-01
2.698812130000000642e-01
4.711427499999999435e-01
3.661257000000000539e-01
2.233881999999999812e-01
2.203091499999999536e-01
1.242542799999999947e-01
2.741225800000000046e-01
2.877593000000000512e-01
1.052230400000000010e+00
6.725463999999999887e-01
4.478130499999999348e-01
1.655772500000000091e-01
1.116961000000000065e-01
2.290848599999999735e-01
4.855479400000000112e-01
2.551058999999999966e-01
1.072879000000000055e-01
2.974667799999999862e-01
4.420460600000000184e-01
3.432496999999999909e-01
2.104392999999999958e-01
2.187701000000000229e-01
7.598409999999995723e-02
1.346497000000000110e-01
1.359244000000000008e-01
2.178077999999999959e-01
2.592301499999999370e-01
1.560022400000000420e-01
1.440189760000000208e-01
1.956829860000000310e-01
2.147458800000000279e-01
1.693532800000000227e-01
2.414677579999999768e-01
2.005829920000000155e-01
1.758810100000000043e-01
2.098049699999999795e-01
2.413497299999999568e-01
2.865462699999999918e-01
4.328583500000000028e-01
4.401568500000000994e-01
4.586938450000000445e-01
2.794500250000000463e-01
9.219004500000001212e-02
6.167435150000000199e-01
9.129166700000000967e-01
3.244982299999999431e-01
3.190930100000000103e-01
2.622341100000000202e-01
3.028215000000000212e-01
3.880022000000000193e-01
2.359821399999999791e-01
1.119293600000000055e-01
2.266309499999999699e-01
5.469383650000000374e-01
5.289476450000000218e-01
3.081968800000000064e-01
4.361887549999999281e-01
1.808076299999999970e-01
4.026072250000000130e-01
3.564735399999999776e-01
9.058721999999999608e-02
2.408210199999999968e-01
2.481166599999999889e-01
2.529735399999999967e-01
2.816984949999999932e-01
2.953550500000000079e-01
2.431368749999999745e-01
5.753490999999999467e-01
4.967556390000000266e-01
5.672520890000000149e-01
5.165895149999999436e-01
1.764981649999999846e-01
1.298487000000000113e-01
3.959663700000000119e-01
3.396198699999999904e-01
2.571887200000000373e-01
1.920040449999999843e-01
4.877482649999999587e-01
5.793929000000000995e-01
7.154390000000000471e-01
4.607222499999999998e-01
5.487266500000002045e-01
3.293183000000000638e-01
2.435228999999999866e-01
3.181415000000000215e-01
6.434679999999999289e-01
9.555399999999999450e-01
6.597474999999999312e-01
6.681529000000000496e-01
4.943114000000000674e-01
9.704401999999998640e-01
1.086030200000000168e+00
4.273014999999999453e-01
4.672574999999998813e-01
3.142609999999999015e-01
1.175149999999999390e-01
1.870565000000001254e-01
1.178174999999999917e-01
8.945919999999998318e-01
1.253919500000000076e+00
4.214920000000002553e-01
1.103214989999999895e+00
6.546329900000000812e-01
6.463390000000001079e-01
3.161490000000000689e-01
4.389020000000000143e-01
1.704749999999998489e-01
3.375660000000001437e-01
3.446175000000001321e-01
3.091509999999998426e-01
3.550279999999998992e-01
9.610789999999999056e-01
5.752146000000001314e-01
2.828606000000000176e-01
2.207972999999999464e-01
2.721293000000001294e-01
4.473392999999999953e-01
6.298243000000001146e-01
3.316545000000000187e-01
2.960549999999999571e-01
1.078403000000000223e+00
4.281019999999999270e-01
8.014748499999999609e-01
7.828218499999999302e-01
5.164553000000000615e-01
8.477518000000000553e-01
4.766608000000000511e-01
3.783988000000000351e-01
2.877834999999999144e-01
2.661294999999999078e-01
2.450084999999999069e-01
3.133444999999999148e-01
3.873342000000001284e-01
1.966532999999999198e-01
2.386008999999999491e-01
2.686107999999999829e-01
2.396449000000000495e-01
4.226807999999999677e-01
8.505956000000000072e-01
3.436795999999999185e-01
7.064250000000000806e-01
1.097694600000000298e+00
9.395475999999997052e-01
4.371030400000001648e-01
7.684300399999999254e-01
4.409300000000001551e-01
3.580120999999999998e-01
4.513445999999998182e-01
1.784087000000000311e-01
3.187251999999999308e-01
1.137142000000000097e+00
4.629820000000000046e-01
5.472310000000000230e-01
8.282066999999999624e-01
1.181878700000000171e+00
4.224379999999998692e-01
3.633800000000000363e-01
4.681519999999997905e-01
3.182397000000000697e-01
3.117586999999999997e-01
3.199305999999998984e-01
2.738195999999998853e-01
3.175759999999999694e-01
2.825808999999999682e-01
4.148324999999999374e-01
5.508923399999998693e-01
8.771717399999998666e-01
6.140063000000000049e-01
6.851073000000000857e-01
6.119679999999997344e-01
7.051457999999999338e-01
3.771478000000001995e-01
7.890940999999997985e-01
9.557210999999999901e-01
3.828004999999998770e-01
6.988724999999998966e-01
4.720139999999999336e-01
3.375369999999999759e-01
2.142130000000000978e-01
2.444739999999999691e-01
3.009335000000000204e-01
1.745084999999998998e-01
1.906646000000000729e-01
3.228516000000000163e-01
2.918389999999998485e-01
3.406110000000001081e-01
3.496634000000001241e-01
7.044353999999997118e-01
1.242883000000000182e+00
6.984310000000001351e-01
6.110259999999996250e-01
3.952620000000002243e-01
9.794780000000001818e-01
7.642400000000001414e-01
3.163464000000000831e-01
4.363814000000001414e-01
6.459050000000001734e-01
4.923280000000000989e-01
4.238060000000004601e-01
4.447620000000001572e-01
5.529410000000000158e-01
5.506479999999999153e-01
2.235460000000001335e-01
1.095293100000000353e+00
5.693181000000000491e-01
6.141167000000000709e-01
8.503127000000000324e-01
3.404409999999999936e-01
4.097040000000000681e-01
1.173540000000000028e+00
5.699820000000000997e-01
5.445979999999998045e-01
5.717179999999999485e-01
7.032229999999994874e-01
4.363460000000000671e-01
