FramewiseDisplacement
5.796094500000000815e-01
2.605828999999998952e-01
4.857825000000005194e-02
1.128875999999999352e-01
1.251452999999999594e-01
5.292084999999999151e-02
6.871700000000000030e-02
1.296454999999999691e-01
7.536199999999992905e-02
7.592649999999995236e-02
1.692489999999999273e-01
1.067694499999999741e-01
5.440785000000004923e-02
5.286840000000000983e-02
1.137773500000000271e-01
9.087284999999993562e-02
4.094950000000002754e-02
1.137805000000000344e-01
1.305225000000000135e-01
6.409230000000006033e-02
1.649874499999999800e-01
1.403380000000000183e-01
3.293129999999997587e-02
9.102635000000001975e-02
4.870780000000000942e-02
4.043534999999996715e-02
5.023299999999999293e-02
9.645910000000000595e-02
8.355469999999998176e-02
6.209105000000000180e-02
8.411455000000002402e-02
6.575020000000009190e-02
3.788624999999997550e-02
5.228209999999994945e-02
1.153333000000000275e-01
1.047501999999999878e-01
9.713194999999998080e-02
1.413631999999999389e-01
7.288390000000000146e-02
6.605449999999994659e-02
1.156410500000000091e-01
1.090042499999999553e-01
6.465950000000002251e-02
9.187010000000003784e-02
6.584459999999997537e-02
5.543254999999997629e-02
8.296584999999997989e-02
1.265585499999999919e-01
1.110926500000000289e-01
6.399000000000000521e-02
9.563145000000000673e-02
4.495590000000000697e-02
8.447999999999998566e-02
4.167397999999999936e-01
2.873180000000000733e-01
1.560513000000000317e-01
1.369819000000000453e-01
1.171238999999999614e-01
1.486640999999999935e-01
2.068434000000000106e-01
1.137673000000000018e-01
1.678401999999999950e-01
1.054360999999999771e-01
3.569608500000000517e-01
6.290989999999999638e-01
3.020605500000000387e-01
1.890605500000000216e-01
7.503720000000003998e-02
1.008954200000000134e-01
9.116149499999999517e-02
2.837445349999999644e-01
2.538194899999999810e-01
2.091013700000000364e-01
2.343064200000000152e-01
1.718421700000000163e-01
1.696477600000000363e-01
2.129985099999999743e-01
1.784316400000000025e-01
1.316468757500000031e-01
1.073745257500000189e-01
1.286188500000000068e-01
7.415614499999999276e-02
1.119970750000000015e-01
8.621008499999999186e-02
8.279412000000004046e-02
1.482674250000000360e-01
1.434158649999999757e-01
7.685316500000000106e-02
9.873313499999999965e-02
8.067433999999999716e-02
3.087817500000000076e-02
6.783742500000002063e-02
9.237580500000000527e-02
3.219520000000000021e-02
7.432924000000001863e-02
9.163902000000001546e-02
1.206070300000000317e-01
7.547536999999998608e-02
1.519107799999999953e-01
6.837923999999999392e-02
8.492019999999997348e-02
3.024853999999998697e-02
1.808483499999999355e-02
1.205648949999999914e-01
1.074712599999999851e-01
3.478874999999999329e-02
3.740994999999999737e-02
3.728134999999999782e-02
5.254653000000000795e-02
2.928953499999999502e-02
4.263053499999999718e-02
6.592278000000001414e-02
7.311450499999999630e-02
4.706077500000001301e-02
6.501624999999999766e-02
6.738190500000000582e-02
8.912640499999999188e-02
6.396654999999999702e-02
4.686212999999999490e-02
8.176613000000002018e-02
5.832550999999999708e-02
3.715551000000000270e-02
3.520604500000000525e-02
7.710903500000000632e-02
4.026193499999999870e-02
3.472591500000000997e-02
8.521201999999999943e-02
5.210456999999999589e-02
5.641438000000000008e-02
7.256969500000000350e-02
6.799291600000000046e-02
2.046759500000000509e-02
2.508033100000000432e-02
8.866942000000001267e-02
9.589915000000000245e-02
3.644696199999999942e-02
7.746054699999999071e-02
3.992791999999999869e-02
4.701418999999999043e-02
7.475304000000000670e-02
1.007750800000000169e-01
5.584251500000000229e-02
3.035134300000000285e-02
5.696387299999999820e-02
9.345398100000001929e-02
5.123452999999998647e-02
6.808105999999999880e-02
1.271296849999999923e-01
6.814016000000000517e-02
6.687596799999999397e-02
1.176704879999999898e-01
7.959689500000001472e-02
4.890340500000001089e-02
6.814433000000000296e-02
5.820488000000000051e-02
6.261027500000002077e-02
7.896101500000000939e-02
2.953454300000000685e-02
9.763787200000000055e-02
2.054635549999999644e-01
2.750441149999999779e-01
1.525025649999999788e-01
7.588099999999999012e-02
5.063179000000000290e-02
1.157584500000000266e-01
6.295116000000000600e-02
6.759724000000000288e-02
5.672291000000000832e-02
7.097269400000000283e-02
3.083577600000000224e-02
8.732471999999998069e-02
5.983265499999998460e-02
2.488582000000000641e-02
6.280449999999999922e-02
7.868649999999999256e-02
6.596785999999997541e-02
6.667151000000000327e-02
8.643391000000001656e-02
7.201085000000001513e-02
4.519228999999999608e-02
5.910715000000000413e-02
1.213064499999999823e-01
9.586590999999999863e-02
5.016810999999999493e-02
9.399760000000001448e-02
7.507965000000002553e-02
7.468600000000000239e-02
8.136839999999999351e-02
8.204414999999998237e-02
2.788521000000000749e-02
7.796455000000000746e-02
4.715631000000000683e-02
2.215801000000001270e-02
4.445925000000001265e-02
4.621340000000000864e-02
4.360090999999999967e-02
2.083935000000001689e-02
6.202726000000001461e-02
4.989056000000001434e-02
5.550854999999998984e-02
9.036905000000002020e-02
5.514789999999997888e-02
4.514440499999997775e-02
3.796689999999998399e-02
9.317614999999998537e-02
6.084889999999999050e-02
6.389355499999997690e-02
5.442155500000000340e-02
8.727085499999996665e-02
5.412095000000000100e-02
5.897445499999996732e-02
1.101662550000000185e-01
5.800835500000003919e-02
5.386314999999999159e-02
1.317846500000000032e-01
7.137482450000000034e-01
9.503933499999999146e-01
6.921953999999997942e-01
2.639459999999999029e-01
8.781420000000005055e-02
2.058338999999999586e-01
1.164385000000000142e-01
1.002958000000000321e-01
1.285829500000000569e-01
6.993875000000004949e-02
7.945320000000008487e-02
1.222762499999999336e-01
1.287079499999999321e-01
9.341685000000005124e-02
1.010074000000000111e-01
6.709304999999999852e-01
3.876857499999999401e-01
2.012548999999999311e-01
1.304144165000000466e-01
1.821463834999999254e-01
6.440314999999999235e-02
8.426309999999996581e-02
1.707860649999999592e-01
1.075980200000000442e-01
6.758231499999997616e-02
1.240847999999999812e-01
1.149354999999999266e-01
1.527109000000000105e-01
8.469773500000005173e-02
5.969400499999996668e-02
7.827533999999999881e-02
8.619824999999999016e-02
1.122869549999999939e-01
1.350393550000000276e-01
5.527249050000001412e-02
7.412604049999996225e-02
1.689255999999999536e-01
9.664789999999998105e-02
8.040605000000002056e-02
8.036199999999997512e-02
7.779804999999999360e-02
7.638350000000003470e-02
7.545870000000001743e-02
7.040259999999998186e-02
9.749085000000001777e-02
7.955869999999999609e-02
6.318520000000002468e-02
1.097264500000000170e-01
6.541619999999997992e-02
8.011650000000003491e-02
1.060793000000000291e-01
8.999479999999999980e-02
6.889794000000001861e-02
1.036300599999999128e-01
7.010864999999998071e-02
4.893659999999996901e-02
1.190234499999999890e-01
9.033155000000001045e-02
1.236590000000000467e-01
9.122509999999997565e-02
1.677707999999999977e-01
1.783627500000000143e-01
1.098068000000000238e-01
5.995715000000005623e-02
1.013995500000000188e-01
1.081160000000000176e-01
1.108674999999999661e-01
9.563979999999992765e-02
8.091049999999995468e-02
8.961919999999992670e-02
8.280489999999997297e-02
7.508679999999998134e-02
8.732662000000000757e-02
3.414467000000001584e-02
6.296815000000001439e-02
8.171229999999998772e-02
4.920129999999993398e-02
6.785705000000005760e-02
8.493565000000007081e-02
5.907409999999994193e-02
8.018099999999991900e-02
1.673517999999999950e-01
1.668881000000000392e-01
1.291268500000000430e-01
