FramewiseDisplacement
2.771629000000001009e-01
2.022464999999999957e-01
8.858650000000001246e-02
6.525150000000003170e-02
4.066399999999999182e-02
7.501450000000003948e-02
7.606549999999998035e-02
5.293199999999998601e-02
1.761400000000000465e-02
1.006204999999999461e-01
1.680469999999999742e-01
5.289049999999999307e-02
6.827449999999998798e-02
3.229099999999997250e-02
5.214299999999998103e-02
1.703329999999999844e-01
6.950749999999999984e-02
2.505949999999993599e-02
2.430059999999999998e-01
1.405499999999999805e-01
1.467130000000000378e-01
7.584449999999995362e-02
1.807234999999999536e-01
1.027185000000000042e-01
3.825150000000001466e-02
4.192799999999996530e-02
3.972400000000003706e-02
6.565750000000007691e-02
7.031900000000000650e-02
1.321649999999995224e-02
3.298400000000001331e-02
2.755000000000005361e-02
1.521899999999998948e-02
4.668549999999995620e-02
2.758099999999999441e-02
9.732150000000000523e-02
6.638499999999999956e-02
7.905500000000046171e-03
3.268099999999998090e-02
9.045300000000000562e-02
1.420750000000002566e-02
6.204799999999999899e-02
2.752399999999999985e-02
5.044499999999996903e-02
9.129149999999999765e-02
1.202819999999999584e-01
8.137749999999996375e-02
6.513399999999999745e-02
4.806950000000004275e-02
5.413600000000002438e-02
1.767949999999998689e-02
5.938550000000000773e-02
6.385349999999997972e-02
1.951450000000000407e-01
1.479820000000000024e-01
5.322800000000005999e-02
1.306609999999999439e-01
9.341850000000001542e-02
2.278099999999998182e-02
7.723100000000002185e-02
3.233299999999998675e-02
3.457400000000002138e-02
4.875299999999997691e-02
3.751159999999995054e-02
3.859710000000000224e-02
6.486280000000003987e-02
4.008870000000000489e-02
7.294950000000000045e-02
4.359600000000005138e-02
6.060870000000002922e-02
4.114540000000004027e-02
2.859089999999996079e-02
7.447590000000001154e-02
7.732890000000004760e-02
1.062025000000000607e-01
6.775430000000007280e-02
5.700500000000001399e-02
5.008200000000002927e-02
1.276655999999999902e-01
7.080689999999997819e-02
4.422329999999996542e-02
5.191799999999995724e-02
3.512490000000002138e-02
8.731640000000001622e-02
1.408630000000000992e-02
4.568559999999999982e-02
2.415190000000001086e-02
6.406870000000000620e-02
5.286560000000002646e-02
5.476460000000000355e-02
5.232120000000000520e-02
3.429310000000002079e-02
5.009100999999999831e-02
2.377473099999999895e-01
1.902144999999999808e-01
1.134351999999999860e-01
6.649679999999998092e-02
4.713920999999997308e-02
2.794340999999999839e-02
7.196979999999997268e-02
1.111159000000000452e-01
5.865374000000001670e-02
3.628309000000003864e-02
8.009370000000006970e-03
1.916567999999999050e-02
3.501723999999999809e-02
5.319011999999999352e-02
5.057472000000001050e-02
3.922528000000005677e-02
5.038021999999999639e-02
4.329379999999997952e-02
4.942809999999998177e-02
1.095031999999999950e-01
8.195530000000000870e-02
4.241869999999998281e-02
6.566162000000004551e-02
5.111240999999999007e-02
8.759542999999997415e-02
6.509710000000004659e-02
5.077319999999999056e-02
2.343363000000000251e-01
9.158729999999998261e-02
7.445980000000002041e-02
3.650919999999999166e-02
5.121629999999997851e-02
8.811219999999997388e-02
5.218830000000002078e-02
2.518390999999999824e-01
6.441359999999998753e-02
1.306682499999999858e-01
9.762500000000004508e-02
7.493920000000001136e-02
2.635433900000000440e-01
5.182654500000000164e-01
1.814009750000000754e-01
1.321764050000000246e-01
5.885525500000000909e-02
5.702515500000000098e-02
8.245895999999999781e-02
7.715339000000000225e-02
4.747203000000000533e-02
2.981324300000000663e-02
5.587590299999999066e-02
3.780729999999999508e-02
8.912676999999998018e-02
7.540365999999999735e-02
4.202770249999999985e-02
2.563610250000000410e-02
5.192467500000000347e-02
4.067046299999999698e-02
4.086377500000000496e-02
4.988029300000000610e-02
3.446780500000000413e-02
5.348118000000000316e-02
6.948918500000000886e-02
5.567990500000000176e-02
4.463899500000000076e-02
1.243977599999999961e-01
4.145253500000000563e-02
5.142122500000000096e-02
2.761177650000000428e-02
2.895752999999999869e-02
2.260925500000000171e-02
3.782849500000000365e-02
4.645932499999999576e-02
6.785010149999999574e-02
1.236333685000000071e-01
1.423141729999999883e-01
2.593787435000000086e-01
4.023613599999999180e-02
7.354524599999999468e-02
5.293997000000000286e-02
4.554422299999999479e-02
1.021391329999999931e-01
2.813583849999999609e-02
2.644387850000000373e-02
5.794699800000000650e-02
5.909977500000000022e-02
1.070397829999999995e-01
1.253623100000000046e-01
1.336650400000000127e-01
4.055532099999999973e-01
1.482846500000000178e-01
8.974181100000001854e-02
1.515941241499999814e-01
1.676770499999999664e-01
2.942261351500000122e-01
5.511189999999999839e-02
7.073733514999999694e-02
5.405220000000000163e-02
9.244969999999998189e-02
6.368154999999997568e-02
2.729263499999999842e-01
1.712701735999999919e-01
1.402053612500000213e-01
1.295514200000000005e-01
1.331462550000000467e-01
3.581233050000000584e-01
2.113588299999999975e-01
8.324802500000001715e-02
7.924742499999999634e-02
4.977944999999998205e-02
7.313200000000000256e-02
8.586475500000001482e-02
2.657210500000000211e-02
5.959057499999999979e-02
6.109301500000000051e-02
1.167951899999999932e-01
6.502409000000000661e-02
6.406465499999999813e-02
9.306768499999999722e-02
5.150674499999999267e-02
1.019982549999999960e-01
1.128334200000000176e-01
9.030246000000001494e-02
5.048730000000000578e-02
6.207920000000000105e-02
5.451675000000000965e-02
4.879638499999999074e-02
1.144517700000000082e-01
9.496780500000000236e-02
2.644556000000000129e-01
1.689910999999999774e-01
1.760699500000000028e-01
1.202539500000000122e-01
3.559615000000000001e-02
8.098009999999999931e-02
1.060680000000000130e-02
3.389849999999999808e-02
2.865474999999999967e-02
6.429775000000000074e-02
1.038819199999999887e-01
5.253652999999998408e-02
8.836357000000000239e-02
4.313621000000000816e-02
1.151738900000000149e-01
1.213340660000000182e-01
7.085955599999999022e-02
1.010785900000000237e-01
9.944879999999997611e-02
7.171439999999998371e-02
8.937080000000002800e-02
1.289581999999999951e-01
2.602205300000000054e-01
1.730062000000000266e-01
2.521545999999999510e-02
2.577202000000003088e-02
1.173617100000000080e-01
6.583506999999999554e-02
2.779454999999998732e-02
3.779132000000000324e-02
7.064961999999999631e-02
3.092878999999999767e-02
4.536625999999999853e-02
8.730999999999998484e-02
6.655219000000002494e-02
5.695898999999998713e-02
6.082860000000000350e-02
4.543401000000001771e-02
8.451906000000000696e-02
4.198260000000003656e-02
2.391500000000000223e-02
2.720759999999999845e-02
2.853690000000000393e-02
2.573856999999997106e-02
3.226121000000001238e-02
6.831857999999997599e-02
1.601193199999999817e-01
1.226166199999999679e-01
1.488456799999999802e-01
5.725287000000000431e-02
6.300323999999998814e-02
7.650099000000000482e-02
5.472426999999999847e-02
1.884287000000002890e-02
3.372590000000001698e-02
4.554179999999997952e-02
9.867722999999999078e-02
6.878112999999998201e-02
3.627100000000003932e-02
2.636699999999998767e-02
2.184659999999999380e-02
3.933509999999997009e-02
3.464975000000002081e-02
4.612082999999998767e-02
3.524512999999998564e-02
7.236654100000000644e-02
9.143274099999998406e-02
1.779850500000000613e-01
1.210193199999999025e-01
1.728566199999999609e-01
5.291857500000000103e-01
1.599275499999999739e-01
7.093240000000000656e-02
7.148399999999999199e-02
2.949929999999997485e-02
5.447230000000000127e-02
4.578479999999999356e-02
1.234094600000000264e-01
