FramewiseDisplacement
7.398569999999999869e-01
2.091620000000000423e-01
1.489275000000000737e-01
1.286334999999999840e-01
8.602350000000000274e-02
7.034249999999996061e-02
8.928999999999999437e-02
4.792249999999997900e-02
4.210950000000007049e-02
5.022300000000000375e-02
8.275199999999997835e-02
3.218099999999996658e-02
1.693900000000003042e-02
2.532649999999994628e-02
4.773100000000000259e-02
1.271375000000000144e-01
1.748425000000000673e-01
7.744800000000005846e-02
7.842949999999992983e-02
8.091300000000002657e-02
8.863600000000002033e-02
9.128549999999997777e-02
3.873500000000006799e-02
2.735550000000003257e-02
8.339850000000002817e-02
5.991749999999999854e-02
5.422350000000007025e-02
4.610750000000002347e-02
6.224749999999994177e-02
9.223299999999994003e-02
7.672650000000000303e-02
4.158249999999993896e-02
1.303869999999999751e-01
3.750699999999999867e-02
1.072034999999999377e-01
8.698399999999996413e-02
3.053399999999997089e-02
1.376624999999999932e-01
7.745599999999996932e-02
6.654249999999997667e-02
1.684949999999994785e-02
9.225250000000001505e-02
7.213900000000006418e-02
4.798150000000003107e-02
4.711649999999999866e-02
4.190699999999997899e-02
6.976999999999997093e-02
4.728750000000005171e-02
4.574200000000006039e-02
4.318499999999999422e-02
7.741145000000000664e-02
6.796825000000000783e-02
5.075570000000000775e-02
6.125234999999999708e-02
1.451917500000000083e-01
4.796579999999998900e-02
5.346684999999994775e-02
7.053079999999997685e-02
5.738965000000002120e-02
3.219410000000000327e-02
9.839795000000001179e-02
1.001365500000000047e-01
6.720284999999996678e-02
1.432367499999999960e-01
6.879164999999999586e-02
7.084075000000002176e-02
7.107584999999999598e-02
6.911265000000001157e-02
3.636319999999999830e-02
5.236825000000000507e-02
1.185556499999999985e-01
1.645136150000000297e-01
6.921256500000000367e-02
2.754211999999998939e-02
4.651715000000001404e-02
4.486225000000002017e-02
1.368424599999999991e-01
2.677353599999999778e-01
1.747263499999999747e-01
8.215999999999999692e-02
1.055043299999999934e-01
1.213443249999999751e-01
8.044465499999998992e-02
6.279274999999998053e-02
5.133124999999999494e-02
9.982000000000001982e-02
7.201660000000001394e-02
1.233248000000000122e-01
1.431899399999999878e-01
1.233018899999999973e-01
1.643668000000000073e-01
8.096370999999999429e-02
9.955605000000003479e-02
4.108707000000001719e-02
5.671489000000003167e-02
3.145084999999997466e-02
8.144830000000019554e-03
2.085358500000000087e-02
7.274973500000000981e-02
5.063908999999999078e-02
9.475664000000000309e-02
1.113302899999999984e-01
8.234766599999999992e-02
7.953517699999999857e-02
1.022342239999999985e-01
5.669878499999999460e-02
1.376603000000000132e-01
1.602376100000000303e-01
1.137781275000000064e-01
1.020288564999999870e-01
1.743971519999999720e-01
1.478852199999999839e-01
1.335489450000000300e-01
1.772078019999999976e-01
1.101851730000000112e-01
7.306139500000000120e-02
4.694658499999999901e-02
4.792875000000000607e-02
2.190844999999998904e-02
7.627565999999996738e-02
2.349560700000000515e-02
4.989121300000001757e-02
4.633240500000002787e-02
4.848536500000002331e-02
4.365603999999998625e-02
6.255637000000001391e-02
2.266741499999999979e-02
1.157288449999999969e-01
1.709720799999999985e-01
1.280669799999999692e-01
1.573014500000000093e-01
2.304012099999999952e-01
1.650269990000000075e-01
4.912348400000001586e-02
9.216683499999998863e-02
1.048185520000000093e-01
2.905912200000001361e-02
9.385476000000000929e-02
1.001421054999999949e-01
1.216591995000000093e-01
9.489937999999999152e-02
1.111867099999999942e-01
1.132409100000000002e-01
6.937017000000000877e-02
9.460092500000001625e-02
8.671365500000000059e-02
7.177302499999999030e-02
9.055497999999999326e-02
7.104488000000000469e-02
1.410541350000000249e-01
1.256853700000000185e-01
7.842569200000000518e-02
4.705783599999999872e-02
3.411500699999999581e-02
3.207149000000000111e-02
9.556339500000000931e-02
1.691918050000000007e-01
1.068060900000000063e-01
1.079196249999999913e-01
1.139747100000000068e-01
6.928386599999998563e-02
4.828675100000000275e-02
4.597458499999999143e-02
7.681435500000000083e-02
3.072970000000000562e-02
4.218035524999998176e-02
5.133655474999999219e-02
2.562846000000000568e-02
4.640089999999999493e-02
1.750700000000000173e-02
2.501535000000000564e-02
5.273052000000000988e-02
8.287926999999999100e-02
7.762953999999999688e-02
1.030010700000000001e-01
7.395272999999999430e-02
5.591059999999999780e-02
5.454345000000000721e-02
2.998955000000000370e-02
6.366159999999999874e-02
2.479519999999999294e-02
4.749638499999998820e-02
4.327543605000000460e-02
6.079327105000000009e-02
8.414834999999999676e-02
7.901728750000000523e-02
1.658238724999999691e-01
1.071549600000000074e-01
7.930915000000002268e-02
4.883850000000000691e-02
5.721499999999998115e-02
5.358930499999998293e-02
6.470635000000000969e-02
5.242654499999999801e-02
1.435216000000000269e-01
9.373434999999999406e-02
1.343311500000000103e-01
5.995174999999998422e-02
4.737109999999998544e-02
4.617697999999998554e-02
2.376807999999997964e-02
2.610829999999999748e-02
2.219300000000000092e-02
4.748129999999999018e-02
3.255139999999999423e-02
2.499579999999997429e-02
6.835255000000002579e-02
4.317850000000002936e-02
4.166742999999998448e-02
1.380013799999999791e-01
6.937584999999998892e-02
5.468399999999999650e-02
4.476613800000001087e-02
6.495156199999999047e-02
3.499259999999999177e-02
4.391475000000001627e-02
6.161039999999999572e-02
2.049200000000000674e-02
3.546459999999999890e-02
3.295990000000002806e-02
1.073637499999999800e-01
1.582798500000000275e-01
1.269067999999999863e-01
1.742961000000000094e-01
1.077617500000000034e-01
3.799554999999998905e-02
5.997978999999997729e-02
1.161125599999999619e-01
1.045269499999999796e-01
9.863814999999998001e-02
9.069840000000001234e-02
4.664175000000004429e-02
8.092531000000002805e-02
2.961651999999996565e-02
3.320918999999998567e-02
3.677021000000000456e-02
5.351294999999998969e-02
7.335664999999999547e-02
2.523990000000000261e-02
1.400533999999999946e-01
1.467686999999999742e-01
2.049096999999999447e-01
1.415041999999999689e-01
5.574395000000000738e-02
9.476655000000004658e-02
4.691149999999999487e-02
1.546949499999999977e-01
1.694981500000000141e-01
8.241569999999995288e-02
4.252860000000003443e-02
3.714839999999997033e-02
3.581389999999997492e-02
7.455970000000000653e-02
1.683470000000000799e-02
4.684299999999998881e-02
5.955300000000002258e-02
5.971120000000002676e-02
5.278070000000002759e-02
6.445230000000004567e-02
6.428659999999999930e-02
4.762289999999996110e-02
4.658280000000000060e-02
5.392299999999996402e-02
3.955490000000004558e-02
6.270400000000000973e-02
5.530629999999997493e-02
4.821219999999998979e-02
8.449700000000004430e-03
4.660589999999999872e-02
1.698950000000003929e-02
3.825070000000000553e-02
3.427589999999999804e-02
4.683290000000003839e-02
2.238329999999996017e-02
3.005350000000001076e-02
6.405890000000005746e-02
8.247020000000002127e-02
8.671189999999999454e-02
4.978369999999996548e-02
9.201900000000000357e-02
5.708649999999996366e-02
7.774910000000000154e-02
7.835319999999995622e-02
9.486299999999989185e-03
8.956719999999998572e-02
9.907279999999996090e-02
6.262489999999999724e-02
6.258030000000003312e-02
4.863930000000005194e-02
5.283619999999995126e-02
1.101713999999999472e-01
5.407440000000001551e-02
1.152497999999999995e-01
8.150459999999998262e-02
5.922679999999994060e-02
4.372819999999996710e-02
3.457960000000002976e-02
6.784040000000002291e-02
7.944249999999998535e-02
