FramewiseDisplacement
1.518622000000000360e+00
5.375944999999999752e-01
7.684725000000000028e-01
3.335824999999999485e-01
1.141981000000000135e+00
5.283565999999997320e-01
1.318209099999999800e+00
1.399884499999999754e+00
7.538600000000001966e-01
1.587067500000000519e+00
1.005898500000000251e+00
1.093522499999999953e+00
3.354415000000000591e-01
7.294655000000000999e-01
8.908120000000001593e-01
1.381134800000000329e+00
6.435747000000000551e-01
4.493019999999999792e-01
2.178731499999999599e+00
1.475884000000000196e+00
3.947804999999998676e-01
1.003158500000000064e+00
1.692912000000000194e+00
7.554999999999999494e-01
6.771879999999999011e-01
1.210163999999999795e+00
1.797251099999999990e+00
4.214697000000002247e-01
2.243929400000000296e+00
1.980978499999999753e+00
9.893232000000000692e-01
8.127857000000001664e-01
1.376682999999999879e+00
1.393785499999999900e+00
1.755149999999999766e+00
1.749590499999999826e+00
6.396289999999997811e-01
3.614710000000001533e-01
1.961257999999998503e-01
3.418652999999999276e-01
1.806185999999999847e+00
1.866506500000000068e+00
1.287352000000000052e+00
5.888965000000000449e-01
1.086537799999999887e+00
1.500284300000000126e+00
5.834829999999998629e-01
9.553620000000000445e-01
3.322269999999998280e-01
1.291150000000001186e-01
5.280640000000001721e-02
2.057953999999999894e-01
1.195512300000000083e+00
8.591899999999998983e-01
4.865895000000001192e-01
6.195380000000000331e-01
1.550791950000000030e+00
4.679042500000000770e-01
4.109947000000001571e-01
1.328005499999999950e+00
1.577069999999999750e+00
6.597563000000001843e-01
1.356318999999999719e-01
8.075489999999994895e-02
2.213788499999999881e-01
2.503794949999999631e+00
2.013330400000000076e+00
1.909279900000000030e+00
1.009510499999999977e+00
7.612459999999999782e-01
4.248454999999999870e-01
2.461264999999999703e-01
1.359350000000000835e-01
2.803906999999999927e-01
2.615491999999999817e-01
2.467304400000000175e+00
2.223876700000000373e+00
1.300727199999999861e+00
6.699624999999999053e-01
1.418436499999999878e+00
6.494729999999999670e-01
2.079620000000000357e-01
1.440754999999999675e-01
8.999850000000005068e-02
2.591319999999999735e-01
3.411360000000000503e-01
2.243184500000000359e+00
2.295217799999999642e+00
2.106786300000000001e+00
1.894159500000000218e+00
5.757909999999998307e-01
9.440884999999999971e-01
1.410744499999999846e+00
4.516300000000000869e-01
1.263094999999999080e-01
1.339410000000000323e-01
9.666900000000001880e-02
2.428424999999999889e-01
4.143556000000000461e-01
2.540236099999999997e+00
1.836831999999999798e+00
1.424669999999999881e+00
7.900330000000000963e-01
1.175701999999999803e+00
2.994370000000000087e-01
6.988850000000003393e-02
8.186099999999997545e-02
1.416115000000000013e-01
1.745918000000000192e-01
2.328868600000000288e+00
2.167163999999999646e+00
9.112848000000000059e-01
9.699195999999999929e-01
1.637169500000000166e+00
6.997656500000000168e-01
4.171127499999999766e-01
6.330326000000001674e-01
3.421695000000000153e-01
6.821706000000001824e-01
1.193753399999999854e+00
1.169183000000000305e+00
3.058588999999999336e-01
1.375034549999999856e+00
1.190621150000000128e+00
7.335231500000000127e-01
2.573427500000000090e-01
9.097230000000003369e-02
1.052360000000000378e-01
1.707140499999999506e-01
1.773329849999999874e+00
1.471501650000000216e+00
1.090587929999999872e+00
5.748453799999999614e-01
1.203254950000000045e+00
3.152034000000000225e-01
1.416471499999999994e-01
1.163678699999999983e-01
6.238546000000001063e-02
6.585904899999998063e-01
8.217200999999999533e-01
9.788795000000000135e-01
1.410723000000000171e+00
1.621246250000000000e+00
5.508368499999998225e-01
7.155819499999999111e-01
7.215174500000000046e-01
9.339790000000000036e-01
5.188054500000000013e-01
1.813923299999999905e-01
1.573750099999999819e-01
1.280047480000000126e+00
8.173166999999998961e-01
9.909456099999999212e-01
2.117544410000000266e+00
1.815151200000000076e+00
7.014816999999999858e-01
1.575984999999999747e-01
1.156452500000000050e-01
8.383269000000000137e-02
6.141034999999999550e-02
4.619062399999999124e-01
1.709334519999999857e+00
1.652508324999999667e+00
9.963510250000000568e-01
6.383904500000001647e-01
1.277680399999999938e+00
4.587682000000000149e-01
1.791891500000000192e-01
1.733089999999999908e-01
1.849056599999999717e-01
1.637395200000000273e-01
7.076217700000000388e-01
9.606308000000001179e-01
1.502185270000000017e+00
2.455916220000000205e+00
2.217069149999999933e+00
5.754525000000000334e-01
2.331860500000000058e-01
1.556309500000000456e-01
1.177231999999999723e-01
7.462210000000002452e-02
2.239339999999999387e-01
2.041593100000000049e+00
1.363259430000000050e+00
5.426064300000000840e-01
1.322635800000000028e+00
1.777254899999999971e+00
5.949165999999999066e-01
1.682833500000000537e-01
1.946632499999999544e-01
7.926070000000000337e-02
1.688249500000000292e-01
2.113043349999999876e+00
1.422796749999999832e+00
4.270040820000000625e-01
1.660850238000000090e+00
1.441302750000000188e+00
7.641043299999999983e-01
2.028728199999999815e-01
1.814462549999999785e+00
1.737891149999999829e+00
1.010791910000000016e+00
5.540675399999999140e-01
1.323698550000000029e+00
1.725986360000000275e+00
4.670179400000000203e-01
1.114444700000000177e+00
7.922522000000001841e-01
1.504304450000000015e+00
4.355190999999999923e-01
1.898837909999999907e+00
1.950345959999999934e+00
7.484271500000000410e-01
7.327840699999997875e-01
1.124814879999999739e+00
1.389840799999999765e+00
6.596803500000000264e-01
4.448650499999999841e-01
2.098490499999999814e-01
1.616640749999999960e+00
1.189136200000000088e+00
1.234805999999999848e+00
1.864798799999999979e+00
1.387924000000000158e+00
7.705470000000000930e-01
2.750677999999999734e-01
1.648150999999999922e-01
1.396784999999999832e-01
1.844480000000000286e-01
1.535045800000000238e+00
1.124080600000000318e+00
9.718751000000001028e-01
1.854078650000000161e+00
1.880927450000000167e+00
6.700154499999999569e-01
1.885685500000000014e-01
1.352584999999999482e-01
1.027755000000000335e-01
1.481535449999999754e+00
1.121080412000000193e+00
1.485442462000000186e+00
6.805864999999999831e-01
1.316945000000000032e+00
1.825006300000000081e+00
7.760236999999999830e-01
7.858204999999998108e-01
1.262501750000000200e+00
1.462379450000000025e+00
3.866127000000000868e-01
9.315949999999992293e-02
7.461699999999986399e-02
1.294090000000000518e-01
3.462055000000000549e-01
1.871809100000000337e+00
1.635603150000000117e+00
1.241766650000000194e+00
4.027423500000000267e-01
1.421312850000000072e+00
3.916689999999999339e-01
1.726920000000000122e-01
1.462670000000000359e-01
8.914149999999994300e-02
1.382055000000000089e-01
3.184785000000000532e-01
1.467056999999999833e+00
1.325608499999999967e+00
1.308538225000000388e+00
9.359902250000000645e-01
1.228754000000000124e+00
5.958969999999997880e-01
4.675988000000002032e-01
8.947095500000001866e-01
3.662415000000001641e-01
1.125192999999998500e-01
1.399515500000000356e-01
2.322175000000000211e-01
3.790699999999999625e-01
2.247229100000000201e+00
1.668474900000000538e+00
1.189376599999999895e+00
1.462425599999999992e+00
1.880839699999999892e+00
5.598250000000000171e-01
1.301424999999999665e-01
1.601444999999999119e-01
1.377314999999998679e-01
2.228030699999999698e+00
1.581565499999999957e+00
8.027656999999998044e-01
1.788805800000000445e+00
1.086627699999999974e+00
6.385466000000002973e-01
3.394984999999999253e-01
3.922075000000000977e-01
2.235879000000000172e+00
1.806228849999999886e+00
7.720853500000001146e-01
1.008367499999999861e+00
1.208886949999999905e+00
