FramewiseDisplacement
6.150354999999999572e-01
2.468384999999998219e-01
2.200735000000000885e-01
1.722980000000000622e-01
3.151475000000000248e-01
3.981160000000000254e-01
4.128819999999999713e-01
5.187268499999999616e-01
3.850912999999999697e-01
4.201880000000000059e-01
3.436848499999999862e-01
1.961870500000000017e-01
1.426190000000000235e-01
3.305280999999999914e-01
2.075987000000001081e-01
1.179789999999999867e-01
1.871344000000000340e-01
3.680089500000000569e-01
2.461727999999999694e-01
1.808361500000000011e-01
1.310070000000000123e-01
1.637907499999999850e-01
2.128573999999999744e-01
2.225895499999999694e-01
1.367753500000000177e-01
7.055404999999993765e-02
1.361405499999999158e-01
2.007131999999999528e-01
1.524599499999999830e-01
8.295040000000002134e-02
6.904980000000000839e-02
1.621462000000000458e-01
1.931949999999999501e-01
9.612785000000000080e-02
1.356073499999999876e-01
2.157568500000000833e-01
1.253861499999999740e-01
4.154240064999999427e-01
1.078746435000000337e-01
4.512782000000000182e-01
1.849834500000000492e-01
1.838949500000000570e-01
3.588039499999999826e-01
3.024993999999999739e-01
1.397421000000000635e-01
2.162832499999999825e-01
2.078021999999999647e-01
1.403975500000000098e-01
1.222605000000000219e-01
1.675433500000000075e-01
8.152664999999995055e-02
2.530527499999999930e-01
2.370454999999999923e-01
1.091997499999999149e-01
3.888792499999998986e-01
2.413732500000000114e-01
1.556415499999999619e-01
1.957612499999999700e-01
1.986430499999999599e-01
2.135905499999999346e-01
2.066650999999999350e-01
1.391537899999999994e-01
1.712870199999999843e-01
1.832167400000000446e-01
1.740369600000000461e-01
1.753310200000000318e-01
2.157636900000000357e-01
2.844986649999999839e-01
1.646998749999999956e-01
3.233586000000000515e-01
3.054771599999999143e-01
1.701527500000000470e-01
2.042632800000000470e-01
9.387773000000003421e-02
6.261812300000001164e-02
6.904747299999998422e-02
6.064439999999999414e-02
1.545177999999999829e-01
2.328945699999999674e-01
1.956264200000000508e-01
2.332493750000000365e-01
3.357994749999999584e-01
7.846705000000005203e-02
1.319102999999999526e-01
1.607847500000000596e-01
9.084829999999990968e-02
2.560732999999999482e-01
9.945559999999997736e-02
1.084958500000000325e-01
3.662195499999999493e-01
3.624349000000000043e-01
1.473040999999999934e-01
2.785111999999999588e-01
1.348947499999999800e-01
6.406760000000003008e-02
1.097914000000000112e-01
5.854324999999997031e-02
1.624004500000000295e-01
1.988086499999999757e-01
1.555694499999999425e-01
1.415731500000000365e-01
1.853010600000000729e-01
1.688481199999999349e-01
1.916744700000000134e-01
1.315349999999999575e-01
2.246472000000000468e-01
2.157786499999999608e-01
4.064954000000000067e-01
2.064103999999999939e-01
3.185541499999999804e-01
2.532715500000000119e-01
2.858172999999999964e-01
1.247372999999999954e-01
3.231797000000000142e-01
3.400234000000000312e-01
1.901470500000000396e-01
1.444143000000000232e-01
2.465017000000000180e-01
3.150643700000000935e-01
1.770891199999999888e-01
2.414862999999999871e-01
2.949966470000000007e-01
1.442237970000000147e-01
1.965038500000000077e-01
2.327969499999999747e-01
2.556271099999999907e-01
1.764609499999999775e-01
6.333277500000002169e-02
2.564700249999999904e-01
1.640941539999999921e-01
1.712762759999999773e-01
1.973475600000000052e-01
2.196408800000000383e-01
2.770612900000000156e-01
7.204183999999998200e-02
1.507430500000000173e-01
1.816982450000000082e-01
3.029472450000000316e-01
1.929776299999999833e-01
2.716975150000000006e-01
1.597132049999999970e-01
1.058031600000000350e-01
3.971797849999999519e-01
3.320238749999999683e-01
9.233302999999998262e-02
3.097431350000000028e-01
1.191058349999999932e-01
3.027032850000000441e-01
1.537185850000000187e-01
2.803726600000000513e-01
2.103889100000000123e-01
9.441399000000000319e-02
2.198473999999999984e-01
1.027922500000000017e-01
1.604903500000000316e-01
2.156746500000000233e-01
9.984104999999998675e-02
2.389994400000000074e-01
2.089537430000000251e-01
1.440756430000000032e-01
2.201512899999999717e-01
3.767010899999999607e-01
1.202286999999999662e-01
1.984590009999999960e-01
2.149237009999999948e-01
2.005332099999999895e-01
1.335995600000000061e-01
6.449052500000000687e-02
1.851177149999999882e-01
2.154096300000000186e-01
5.027766499999999916e-02
2.187259250000000155e-01
2.028432899999999817e-01
1.509172349999999829e-01
1.651603150000000020e-01
2.729064400000000279e-01
7.584575800000001311e-02
1.918270139999999624e-01
1.728540539999999792e-01
1.336196400000000117e-01
1.135605999999999421e-02
1.855195499999999775e-01
1.651231499999999963e-01
1.693527200000000121e-01
2.669843000000000077e-01
2.450392699999999757e-01
1.171164499999999692e-01
3.331508000000000247e-01
2.431944000000000050e-01
1.008874450000000061e-01
1.532758049999999872e-01
2.772832499999999811e-02
1.207161450000000108e-01
3.754709700000000150e-01
3.318333999999999451e-01
7.403505000000003278e-02
1.123434499999999558e-01
1.397030000000000841e-02
1.111129500000000575e-01
3.445870000000000183e-02
2.934204999999998412e-02
5.364725000000005600e-02
4.991015000000006974e-02
3.152579500000000090e-01
2.599066000000000431e-01
2.098327000000000109e-01
2.673568000000000056e-01
1.168592999999999854e-01
2.564360400000000317e-01
9.621563999999999117e-02
3.529986499999999139e-01
1.883475500000000025e-01
1.745751000000000386e-01
1.586054000000000075e-01
1.872715000000000074e-01
2.356063000000000185e-01
1.659282499999999716e-01
2.403410499999999450e-01
1.308455999999999508e-01
1.770666300000000026e-01
3.002023000000000885e-02
5.568930000000002489e-02
3.439939999999999665e-01
4.276191000000000297e-01
1.911120000000000041e-01
7.912620000000002152e-02
3.753441000000000694e-01
2.777000999999999498e-01
3.433946999999999972e-01
1.985633000000000259e-01
1.115340999999999971e-01
2.433512999999999094e-01
1.856402999999999803e-01
2.392566999999999888e-01
3.348834999999998618e-02
2.125352499999999534e-01
2.275745000000000129e-01
4.369748000000000521e-01
2.818966500000000819e-01
3.813333500000000154e-01
1.434698999999999836e-01
2.154389000000000443e-01
1.672522000000000175e-01
1.447866999999999904e-01
4.161731000000000180e-01
2.864493999999999652e-01
1.820279999999999954e-01
2.212797999999999432e-01
2.243066699999999580e-01
2.791549700000000023e-01
1.190145999999999982e-01
1.187272000000000327e-01
1.832864999999999356e-01
2.372167999999999222e-01
1.466284730000000369e-01
1.735997729999999850e-01
8.066700000000004422e-02
8.655900000000006644e-02
2.353612000000001314e-01
8.364959999999999063e-02
1.051725999999999772e-01
4.107736999999999639e-01
1.739220000000001043e-01
4.296885000000000288e-01
2.141594999999999471e-01
8.908729999999996652e-02
8.028059999999999363e-02
2.694346000000000796e-01
1.866364000000000078e-01
7.286840000000002759e-02
2.213758000000000115e-01
1.055596000000000867e-01
3.872865000000000335e-01
1.918250999999999706e-01
2.290930100000000413e-01
4.111846099999999504e-01
2.312135000000001550e-01
2.707703000000000193e-01
2.319068999999999714e-01
1.394272999999999763e-01
1.543952000000000380e-01
1.150294000000000316e-01
1.863592000000000581e-01
7.949570000000003023e-02
2.448415000000000452e-01
1.771474999999999855e-01
1.525388999999999495e-01
2.194871999999999934e-01
1.982238000000000056e-01
2.774296099999999377e-01
3.366003899999999716e-01
1.887881310000000812e-01
4.328581690000000148e-01
4.660818000000001016e-01
7.515649999999995945e-02
1.327622999999999442e-01
5.423900000000006494e-02
1.863768999999999287e-01
1.381742999999999721e-01
