FramewiseDisplacement
5.548222000000002652e-01
2.672228999999999299e-01
2.006484999999998409e-01
1.481679999999999942e-01
1.624984999999999624e-01
1.361184999999999201e-01
1.488654999999998729e-01
1.724418500000000631e-01
8.401014999999993627e-02
1.240947500000002118e-01
1.567017500000001395e-01
9.227049999999990815e-02
2.240594999999999670e-01
3.315279500000000712e-01
2.766021215000002420e-01
4.103578284999999659e-01
2.895715000000002037e-01
1.645238000000001921e-01
1.300195499999999837e-01
9.935176499999978650e-02
9.718155499999994729e-02
9.017718000000013445e-02
3.186132500000012774e-02
1.549417750000001148e-01
4.634396999999999545e-01
5.301984000000000696e-01
1.027696699999999908e+00
1.899784999999999668e-01
1.756435000000000635e-01
1.600064999999999682e-01
7.548530000000001905e-02
1.129019499999998344e-01
7.791505000000001346e-02
4.897450000000001108e-02
9.762569999999991255e-02
5.736479999999997970e-02
1.381320499999999507e-01
1.145107499999998973e-01
2.565803500000001236e-01
1.503583500000000295e-01
2.081120999999999110e-01
1.412911000000000028e-01
8.736199999999996746e-02
2.440344000000000402e-01
2.625067500000000109e-01
3.265279000000001486e-01
3.027179999999998761e-01
3.457047500000000606e-01
1.532567999999999431e-01
1.359281499999999698e-01
1.557542000000000371e-01
9.364619999999995725e-02
3.151656499999999639e-01
3.123405499999999946e-01
9.399664999999995940e-02
5.928160000000001761e-02
9.843475000000001529e-02
2.121484999999993792e-02
3.031369999999989490e-02
8.088729999999996756e-02
7.149115000000005882e-02
4.356401000000001411e-02
8.659956000000000598e-02
1.418640499999999638e-01
2.494232500000000130e-01
3.184784499999999685e-01
2.075913999999999815e-01
2.017255500000001422e-01
3.311775499999999317e-01
1.889972499999999778e-01
1.288060500000000053e-01
8.988525000000004150e-02
6.697019999999996587e-02
3.312754999999999866e-02
6.285065000000002178e-02
4.915804999999997399e-02
5.905555000000001914e-02
3.383785000000004428e-02
3.032284999999999148e-02
1.025739999999999569e-01
1.504234999999999600e-01
1.732994000000000201e-01
7.648169999999999968e-02
8.624365000000000503e-02
1.638064500000000479e-01
1.733897999999999828e-01
1.216049499999999894e-01
8.140389999999998738e-02
4.211980000000001279e-02
4.519135000000003982e-02
1.454921999999999604e-01
2.818427999999999489e-01
2.120358000000000243e-01
4.180235000000000894e-02
4.919695000000003093e-02
9.765349999999993480e-02
8.512170000000000847e-02
6.617089000000000998e-02
1.425492899999999952e-01
5.385813000000000406e-02
1.889961300000000122e-01
1.311019999999999963e-01
5.255894999999999317e-02
7.697680000000001188e-02
1.225529999999999675e-01
1.369462499999999916e-01
6.063644999999997370e-02
5.516399999999999082e-02
1.831585099999999966e-01
1.071017099999999889e-01
1.197146499999999919e-01
3.765519999999999284e-02
1.187900999999999957e-01
1.439543999999999824e-01
1.356822499999999765e-01
8.424794999999998812e-02
6.757769999999999055e-02
7.282819999999998184e-02
5.160649999999998572e-02
5.730877000000002275e-02
4.709467000000000514e-02
5.029340000000000199e-02
1.155619000000000229e-01
1.043844999999999912e-01
6.614490000000000647e-02
3.873562000000002614e-02
7.620311999999998531e-02
8.626689999999999359e-02
9.935409999999998687e-02
1.021698499999999926e-01
3.292613999999999957e-02
5.494682000000000732e-02
7.811374000000000095e-02
8.747041000000002620e-02
7.306915999999999412e-02
6.134020999999998530e-02
6.499588700000000219e-02
6.405018599999998119e-02
6.757220400000002458e-02
4.688611899999999694e-02
9.111538399999999371e-02
2.560612999999998737e-02
4.987105999999998790e-02
6.619271000000001570e-02
6.554379999999999928e-02
3.394377899999999615e-01
3.796981099999999776e-01
1.549119600000000152e-01
2.064791700000000174e-01
1.621250820000000314e-01
7.606330899999999562e-02
5.533156199999999386e-02
7.389494499999998967e-02
1.003837800000000058e-01
9.241510000000000002e-02
1.187102500000000171e-01
8.723554999999999504e-02
9.426874999999998450e-02
6.342995000000001271e-02
7.265778000000000514e-02
6.305393000000000803e-02
3.547605000000000203e-02
6.941564999999999541e-02
1.241826200000000074e-01
1.692097200000000079e-01
1.284640499999999963e-01
1.046444400000000191e-01
1.006545399999999868e-01
7.231769999999998477e-02
1.191360000000001723e-02
8.067235000000001766e-02
9.133144999999999458e-02
2.748971000000000053e-01
1.342055000000000331e-01
3.515361000000000180e-01
1.971887000000000223e-01
6.274294999999997791e-02
5.177005000000001189e-02
1.795149499999999787e-01
3.036796400000000284e-01
1.721754199999999957e-01
6.048516100000000950e-01
1.746961999999999959e-01
1.271154999999999924e-01
6.118850000000000677e-02
4.843749999999998751e-02
4.047949999999997384e-02
7.105949999999996991e-02
7.248759999999999926e-02
5.320455000000000323e-02
7.575105000000001421e-02
1.392131000000000063e-01
1.830350999999999784e-01
1.956901999999999531e-01
1.594679999999999709e-01
1.199299000000000198e-01
8.837380000000003011e-02
8.151249999999998774e-02
1.007251999999999870e-01
5.553460000000001728e-02
1.203205999999999998e-01
1.190884000000000248e-01
1.817715000000000303e-01
8.710020000000005813e-02
9.538719999999999144e-02
3.006620999999999877e-01
2.240521000000000318e-01
2.776804999999999968e-01
7.674610000000001153e-02
4.030349999999999905e-02
7.319159999999999555e-02
5.384939000000001780e-02
2.505798999999999527e-02
1.185079599999999955e-01
1.161144000000000204e-01
9.654696000000000111e-02
4.442462000000001188e-02
7.292054999999997289e-02
7.393004999999996940e-02
7.840390000000001247e-02
3.799844999999997530e-02
7.611679999999999835e-02
7.821032999999996682e-02
7.789497999999998867e-02
6.089610000000000162e-02
9.464845000000000896e-02
1.027303799999999823e-01
7.888422999999999963e-02
6.563124999999993270e-02
1.255825999999999332e-01
7.682309999999999139e-02
7.804754999999997944e-02
5.142675000000001412e-02
6.115028999999995440e-02
3.499646799999996810e-02
2.333912300000000675e-02
1.645501999999996953e-02
5.180623500000000603e-02
1.225655800000000489e-01
9.595285000000000619e-02
7.574210000000000664e-02
7.034004999999998731e-02
7.110555000000001735e-02
6.362925000000001219e-02
1.093225499999999628e-01
6.820220000000003224e-02
5.041410000000003805e-02
6.361804999999998156e-02
3.766274999999998790e-02
5.208460000000000867e-02
2.197705000000000491e-02
6.488615000000000355e-02
8.837354999999999516e-02
1.293575000000000419e-01
1.615412500000000251e-01
6.108014999999999278e-02
2.570955000000000462e-02
3.361640000000001155e-02
4.571009999999998269e-02
7.967975000000002139e-02
7.514935000000000365e-02
7.592455000000000731e-02
1.897571000000000674e-01
2.769913499999999695e-01
1.976287400000000249e-01
1.039640800000000281e-01
6.867869000000001445e-02
6.788920400000000854e-02
1.197494939999999702e-01
1.008188199999999896e-01
4.122706999999997679e-02
6.804904999999995818e-02
1.041039400000000198e-01
7.198150000000003157e-02
2.195213500000000040e-01
3.375503400000000043e-01
2.101912599999999631e-01
6.898862999999998136e-02
3.444179999999993913e-02
7.332079999999999154e-02
1.577708999999999639e-01
1.442267999999999328e-01
5.486490000000005668e-02
2.402710000000003038e-02
5.552780000000000910e-02
5.553700000000002385e-02
6.535710000000001518e-02
3.702150000000003355e-02
8.403710000000003122e-02
1.301672000000000384e-01
7.539809999999994017e-02
6.304550000000008758e-02
8.827250000000004537e-02
5.213860000000003492e-02
5.581360000000003957e-02
6.784519999999999440e-02
9.689899999999980473e-03
7.902960000000008867e-02
1.134370000000000239e-01
