FramewiseDisplacement
3.485669999999998492e-01
7.542695000000001482e-01
7.897555000000000547e-01
5.663857999999999393e-01
7.690552999999997752e-01
9.821864999999999624e-01
4.598730000000000873e-01
2.330150000000001109e-01
1.661309999999999731e-01
2.082659999999998401e-01
2.909849999999997716e-01
9.093099999999990080e-02
3.439585999999998922e-01
3.252336000000000116e-01
1.066730000000001427e-01
1.725519999999998721e-01
3.090300000000014216e-02
9.685189999999996302e-02
1.300154000000001975e-01
9.947950000000002624e-02
1.185359999999999470e-01
1.342700000000000005e-01
1.158864999999999618e-01
1.141409999999998676e-01
3.791733999999999938e-01
2.900699000000001027e-01
2.365319999999999090e-01
2.637968000000001090e-01
1.122783999999999588e-01
2.465160000000000406e-01
2.233154000000000250e-01
1.835717000000000321e-01
1.744185199999999381e-01
8.087213000000005592e-02
1.235982899999999163e-01
1.093245000000001160e-01
1.362665000000000404e-01
2.840054999999999108e-01
4.370835000000000692e-01
5.801159999999999650e-01
2.382879999999999443e-01
8.860349999999997395e-02
7.505999999999993233e-02
6.896500000000006791e-02
2.168295000000000083e-01
2.694165000000000587e-01
1.275125000000000841e-01
9.196000000000009722e-02
1.762099999999999778e-01
8.147300000000001763e-02
6.818200000000008976e-02
4.007949999999997626e-02
5.656100000000004874e-02
3.636330000000001506e-01
2.905994999999999551e-01
1.102504999999999180e-01
1.340329999999998745e-01
1.170875000000000804e-01
1.642259999999999831e-01
1.218344999999999290e-01
8.224200000000005117e-02
1.106584999999999652e-01
1.629744999999999666e-01
8.919549999999989986e-02
6.531499999999992867e-02
8.533349999999995106e-02
6.557849999999994239e-02
3.807299999999998186e-02
4.770649999999997809e-02
6.779150000000000453e-02
8.158100000000004237e-02
8.697149999999997938e-02
9.533150000000008284e-02
2.056919999999999304e-01
2.887824999999999975e-01
1.258190000000000142e-01
1.069594999999999851e-01
4.599600000000002298e-02
5.225399999999998102e-02
6.690799999999996750e-02
2.026474999999999804e-01
1.424930000000000085e-01
1.225400000000000100e-01
6.871865000000000334e-01
4.397724000000000633e-01
3.583894000000000246e-01
5.628069999999999462e-01
2.617914999999999548e-01
2.022387999999999963e-01
2.271888000000000518e-01
9.702619999999996525e-02
3.816399999999999793e-01
3.104168000000000482e-01
1.216092000000000284e-01
1.039962499999999845e-01
1.062842499999999968e-01
7.130074999999999608e-02
1.109839000000000242e-01
5.781980000000001840e-02
8.797024999999999983e-02
1.840070499999999776e-01
1.534968999999999917e-01
9.516700000000000159e-02
3.168413999999999398e-01
3.490462850000000117e-01
1.297544350000000291e-01
8.793500000000001315e-02
1.218588299999999874e-01
1.031667749999999606e-01
1.116548849999999815e-01
1.206320200000000065e-01
1.148638999999999910e-01
2.655949999999999978e-02
1.840072500000000388e-01
1.644249650000000340e-01
1.046624349999999981e-01
9.655984999999998875e-02
9.623691999999996194e-02
2.299349999999998270e-02
7.774588000000000332e-02
6.432430000000000092e-02
7.490925000000001055e-02
3.575832000000001010e-02
5.263247000000000064e-02
2.617140000000000438e-02
3.743049999999997768e-02
1.897525400000001430e-02
7.502104599999999401e-02
6.320494000000002888e-02
5.393671000000001270e-02
3.781229999999999314e-02
5.293895000000000545e-02
1.437063500000000105e-01
5.914721500000000992e-02
4.760353499999998156e-02
3.312881999999998939e-02
3.537846000000000740e-02
6.398401000000000782e-02
1.308252199999999921e-01
4.912362000000001366e-02
7.365457000000000254e-02
3.936579999999999246e-02
3.239229999999999193e-02
1.430401099999999981e-01
5.740550999999999293e-02
9.751626000000000738e-02
4.878778999999999755e-02
5.514899000000000884e-02
5.217916900000000441e-02
3.345565650000000002e-02
3.497176199999999652e-02
7.673668000000000156e-02
5.860103249999999708e-02
7.201190500000000105e-02
1.700571999999999639e-01
1.370685149999999741e-01
9.297441499999999082e-02
3.639553000000000232e-02
3.182512599999999525e-02
7.067549400000000537e-02
4.063286000000000675e-02
3.379474999999999840e-02
5.217121749999999863e-02
9.629759999999998321e-02
8.992642250000000559e-02
8.230654999999999222e-02
6.532804999999999862e-02
5.759614999999999180e-02
4.243565000000001225e-02
2.890695000000001111e-02
9.545199999999999518e-02
7.270508000000001914e-02
5.747551999999998829e-02
5.521829999999999794e-02
6.139485999999999555e-02
7.037035999999999292e-02
3.533565000000001705e-02
6.393908000000000924e-02
1.204984600000000156e-01
8.768953999999998250e-02
1.755087999999999926e-01
1.316559999999999953e-01
1.348663999999999974e-01
9.932759999999998812e-02
4.657950000000002366e-02
6.277487999999999124e-02
9.444977999999998319e-02
1.424188999999999872e-01
5.977989999999998999e-02
7.986319999999998143e-02
1.346110999999999835e-01
7.786299999999998778e-02
8.015769999999997064e-02
4.414379999999998305e-02
1.112795999999999647e-01
9.548360000000001568e-02
4.203969999999997154e-02
1.307390999999999692e-01
5.347470000000001389e-02
1.167004000000000374e-01
1.996877999999999709e-01
1.220219999999999222e-01
1.770595000000000363e-01
4.438632999999999607e-01
1.706957500000000072e-01
1.173892499999999728e-01
2.155939000000000327e-01
2.064174000000000286e-01
7.451499999999999790e-02
7.807839999999996450e-02
5.070310000000000789e-02
8.618960000000003285e-02
1.225891999999999815e-01
4.727300000000005109e-02
1.033690000000000164e-01
3.954769999999992874e-02
5.618470000000000408e-02
1.629111000000000586e-01
2.527493899999999072e-01
1.280840899999999838e-01
5.396609999999997520e-02
1.143060999999999661e-01
1.323122000000000464e-01
1.000227999999999812e-01
1.709137999999999491e-01
1.083426000000000000e+00
7.848324999999999330e-01
4.929102000000000205e-01
2.783451999999999593e-01
1.078749999999999987e-01
2.214397999999999367e-01
1.501370000000000482e-01
2.978583000000000203e-01
1.471571999999999603e-01
1.588944999999999663e-01
1.211882000000000376e-01
5.143299999999999261e-02
1.404089999999999505e-01
9.478699999999995462e-02
1.429230000000000222e-01
8.974149999999997407e-02
7.284849999999992720e-02
1.631019999999999692e-01
1.426834999999999909e-01
9.979899999999998494e-02
1.099775000000000197e-01
1.391575000000000728e-01
1.949289999999999634e-01
8.085300000000002207e-02
1.397460000000000369e-01
1.291820000000000468e-01
2.887968999999999120e-01
2.052038999999999946e-01
5.912250000000001532e-02
4.188000000000006995e-02
5.258050000000000918e-02
1.378010000000000346e-01
4.592400000000004812e-02
8.826649999999996998e-02
2.600306899999998977e-01
4.786368100000000236e-01
6.878819999999998824e-01
3.142849999999999810e-01
2.102239999999999942e-01
2.694708000000000103e-01
5.090837999999999752e-01
5.905746000000000606e-01
4.466274999999999551e-01
1.883112999999999593e-01
1.506929000000000185e-01
1.492155999999999483e-01
1.438614999999999200e-01
9.968000000000000471e-02
1.007509999999999933e-01
1.398987999999999898e-01
9.990289999999991954e-02
1.978189999999999393e-01
1.659122000000000097e-01
1.859834999999999960e-01
1.046491199999999705e-01
2.747101400000000471e-01
3.109357600000000610e-01
1.196109999999999535e-01
1.101460999999999968e-01
9.686849999999999627e-02
1.878324999999999856e-01
3.924118999999999802e-01
1.458120999999999723e-01
2.528712200000000077e-01
2.253184199999999915e-01
8.715010000000004975e-02
1.111972999999999850e-01
9.912839999999994989e-02
4.187440000000000606e-02
5.882239999999994140e-02
2.942899000000001042e-01
2.890626000000000584e-01
9.020540000000006053e-02
3.977918000000000287e-01
