FramewiseDisplacement
5.114626000000001005e-01
1.480171810000001364e-01
2.835540690000000197e-01
1.983372499999997984e-01
2.307450999999997032e-01
1.908319600000002447e-01
1.400426900000001640e-01
2.355112500000000053e-01
1.676732499999999404e-01
3.244209500000000412e-01
2.144652999999999698e-01
1.543784499999999726e-01
1.572603500000001042e-01
3.113664999999983529e-02
1.286792499999999395e-01
2.325370399999999449e-01
2.250960899999999154e-01
3.844508499999999551e-01
1.911924700000000032e-01
2.930417399999999395e-01
1.786402399999998947e-01
1.889171499999999781e-01
2.434031599999999240e-01
2.089228100000000143e-01
1.868259000000000170e-01
1.903411999999999882e-01
2.347671499999998967e-01
1.294023500000000271e-01
2.205250000000000266e-01
2.774511499999999242e-01
3.807995499999998756e-01
1.553374999999999895e-01
1.793403999999999832e-01
1.308106000000000269e-01
1.720317500000000110e-01
2.340352500000000280e-01
2.676700000000000745e-01
2.371598000000000595e-01
3.893472999999998962e-01
3.155460500000000779e-01
4.514122499999999594e-01
2.830754500000000062e-01
2.622046500000000391e-01
5.323737500000000900e-01
6.951294000000000084e-01
3.791904000000000940e-01
3.077341000000001214e-01
3.279249000000000192e-01
3.731292999999999416e-01
2.447023000000000115e-01
1.683478999999999948e-01
3.991526000000000796e-01
1.525183999999999707e-01
1.689712999999999909e-01
1.809844999999999648e-01
2.952797999999999812e-01
3.179709499999999744e-01
2.385719000000000034e-01
2.902419250000000117e-01
2.527033750000000079e-01
3.880593370000000597e-01
4.499299370000000020e-01
3.679147999999999863e-01
1.978985899999999576e-01
1.607108899999999951e-01
2.624101149999999993e-01
2.469215649999999540e-01
3.179567500000000102e-01
3.098874000000000350e-01
1.095896499999999829e-01
5.775962500000000333e-01
3.668442000000000647e-01
1.730275000000000285e-01
1.554582800000000320e-01
2.674099849999999612e-01
2.268512750000000189e-01
1.755336899999999922e-01
1.810405999999999960e-01
2.130889499999999714e-01
1.079202499999999815e-01
2.477644500000000249e-01
2.231101999999999808e-01
2.811670500000000295e-01
3.258191999999999755e-01
3.707125000000000004e-01
3.167301499999999881e-01
2.199078500000000158e-01
1.343055000000000221e-01
3.832503999999999911e-01
3.981457999999999942e-01
3.460313999999999890e-01
4.849531599999999942e-01
4.969943599999999129e-01
3.075067499999999954e-01
2.533735500000000029e-01
2.900897999999999533e-01
2.796460000000000057e-01
2.636351999999999585e-01
2.955088000000000159e-01
4.764070000000000249e-01
5.884639999999999871e-01
6.029211999999999350e-01
4.806194000000000299e-01
3.094187999999999938e-01
2.814382500000000009e-01
3.305657499999999360e-01
2.015742500000000381e-01
1.319729500000000055e-01
4.576053000000000481e-01
3.088088500000000791e-01
2.787236499999999895e-01
1.386976000000000320e-01
1.414856000000000169e-01
1.600924000000000236e-01
1.830482000000000220e-01
2.672038999999999942e-01
6.283296499999999618e-01
3.987146950000000634e-01
4.050000449999999752e-01
3.159925500000000387e-01
1.851946099999999817e-01
4.030778099999999808e-01
2.589918000000000498e-01
1.359206400000000092e-01
2.074435899999999833e-01
2.293323800000000023e-01
1.005213800000000074e-01
2.425053999999999543e-01
3.336478399999999733e-01
3.517550549999999832e-01
3.130640149999999733e-01
2.967236300000000160e-01
2.472267799999999793e-01
2.740644400000000203e-01
1.620177200000000040e-01
3.224445299999999515e-01
3.307591049999999977e-01
3.891588200000000164e-01
1.846920250000000097e-01
2.184545950000000014e-01
2.463463000000000180e-01
3.822209050000000552e-01
4.571638449999999576e-01
2.441693249999999926e-01
2.548958700000000244e-01
2.177102800000000060e-01
3.169093299999999891e-01
2.263760999999999968e-01
1.266793499999999476e-02
1.594728699999999888e-01
1.697707549999999954e-01
2.616804550000000340e-01
2.935234449999999939e-01
3.039037099999999936e-01
2.280381350000000307e-01
2.550170099999999884e-01
2.687633999999999856e-01
1.944945049999999842e-01
1.277846660000000190e-01
1.746277360000000056e-01
2.329282500000000034e-01
1.898442700000000094e-01
4.497621400000000325e-01
4.162490299999999643e-01
3.368443199999999749e-01
4.489788799999999691e-01
3.442984419999999823e-01
1.503950219999999893e-01
2.156018299999999666e-01
3.841304700000000016e-01
3.940182800000000540e-01
2.268345499999999682e-01
1.450231399999999948e-01
2.970373399999999831e-01
2.910357300000000480e-01
3.016419699999999815e-01
2.393777199999999883e-01
1.729970599999999525e-01
4.033483999999999958e-01
3.964293000000000400e-01
4.236946299999999610e-01
2.723924100000000292e-01
1.528092100000000009e-01
2.742927499999999741e-01
2.827110299999999743e-01
3.231646000000000241e-01
4.246139799999999465e-01
2.684899749999999918e-01
3.486569550000000461e-01
2.257732399999999862e-01
2.503756300000000157e-01
3.175557000000000518e-01
1.878329449000000206e-01
3.365877449000000410e-01
2.111474099999999798e-01
1.816475750000000333e-01
2.066154149999999690e-01
1.790095849999999988e-01
1.856622950000000050e-01
2.219690500000000011e-01
3.355269450000000764e-01
3.907371299999999881e-01
4.389382650000000496e-01
3.585164700000000315e-01
3.201003323000000123e-01
3.817907217000000020e-01
4.099556639999999419e-01
2.005006499999999470e-01
2.021385600000000227e-01
4.067048000000000330e-01
5.024057000000000661e-01
3.581845499999999904e-01
3.625142999999999005e-01
4.188567999999999736e-01
2.679323989999999878e-01
1.079068990000000144e-01
1.859500660000000249e-01
3.533375840000000934e-01
2.148063600000000295e-01
1.529948299999999706e-01
2.289326399999999928e-01
1.999320500000000278e-01
2.914356700000000910e-01
1.206118599999999874e-01
1.359433399999999681e-01
1.855977500000000058e-01
1.564572200000000080e-01
1.465075100000000075e-01
3.128667800000000110e-01
3.059720900000000299e-01
2.972850099999999607e-01
3.189809000000000117e-01
3.238535999999999637e-01
1.818039000000000183e-01
1.417766000000000026e-01
2.091909500000000144e-01
2.416073000000000248e-01
2.387067000000000216e-01
1.955638500000000390e-01
4.326200300000000443e-01
5.247728139999999764e-01
3.652256939999999896e-01
5.078864600000000395e-01
4.537170200000000264e-01
3.565330700000000075e-01
1.808975999999999917e-01
4.049020399999999631e-01
3.364456099999999505e-01
2.089242500000000058e-01
1.436134000000000022e-01
1.344056499999999876e-01
6.207651000000000696e-01
3.778977499999999212e-01
1.543759899999999907e-01
3.087378000000000067e-01
4.286594399999999472e-01
1.709070699999999943e-01
1.833757399999999815e-01
4.515146400000000226e-01
4.833875499999999992e-01
2.273883000000000154e-01
1.389395249999999804e-01
1.797790749999999826e-01
2.909223200000000120e-01
2.694117999999999791e-01
2.172476500000000144e-01
1.528604600000000313e-01
2.064973000000000225e-01
1.822454050000000270e-01
2.097995669999999924e-01
2.154256669999999874e-01
1.796693550000000028e-01
2.924523399999999773e-01
3.681257350000000650e-01
9.739130500000003909e-02
1.874412699999999932e-01
2.792027450000000299e-01
3.408910749999999878e-01
4.556799500000000003e-01
4.752962800000000154e-01
1.706240800000000113e-01
1.957019499999999856e-01
2.344374500000000472e-01
2.628258999999999457e-01
3.138871000000000300e-01
1.865863999999999578e-01
1.692930260000000131e-01
1.545940760000000247e-01
2.523045999999999900e-01
2.616130500000000136e-01
5.191622390000000253e-01
6.276673390000001573e-01
4.910876499999999867e-01
5.120472000000000357e-01
4.086937499999999668e-01
9.469559499999999908e-01
6.414465999999999779e-01
4.892214500000000577e-01
6.492391000000000689e-01
