FramewiseDisplacement
7.306884000000001267e-01
3.388332000000000566e-01
7.769908999999999288e-01
8.589379999999999793e-01
6.987689999999999735e-01
2.062864999999999283e-01
3.850414999999998145e-01
4.829680000000000084e-01
5.542804999999999538e-01
7.548709999999998477e-01
4.507224999999999704e-01
5.663405000000000244e-01
1.322560000000000402e-01
2.620835000000001358e-01
5.208490000000001174e-01
3.972694999999998866e-01
1.728195499999999329e-01
3.850631500000000207e-01
4.694356649999998909e-01
4.983659149999999372e-01
4.491107500000000030e-01
5.423152499999999154e-01
1.504489999999999994e-01
3.804764999999999953e-01
5.586294499999999719e-01
2.291256000000000403e-01
3.500474499999999822e-01
6.109644000000000741e-01
1.868771500000000196e-01
3.025422500000000126e-01
2.905957499999999860e-01
4.314526499999999931e-01
3.212364499999999512e-01
2.030068499999999887e-01
3.575524250000000070e-01
3.821092749999999150e-01
6.053272999999999016e-01
5.791203499999999504e-01
5.631960850000000685e-01
5.281540850000000509e-01
1.632695499999999578e-01
2.455456500000000042e-01
2.734126499999999238e-01
4.370467000000000657e-01
4.649003500000000733e-01
2.519462500000000382e-01
1.924397499999999928e-01
2.110604699999999723e-01
2.371622200000000069e-01
3.218542499999999529e-01
4.475774000000000141e-01
4.001583650000000159e-01
2.998137149999999806e-01
1.500135515000000641e-01
2.849689585000000358e-01
2.708882100000000182e-01
2.697668950000000621e-01
4.004324550000000205e-01
5.798706999999999612e-01
5.102486650000001012e-01
3.783894749999999751e-01
1.519760100000000502e-01
1.745077500000000725e-01
2.725603000000000886e-01
1.837763999999999787e-01
3.549832499999999724e-01
1.330074000000000256e-01
3.303117899999999940e-01
2.719032899999999642e-01
4.370553499999999536e-01
3.851048599999999933e-01
2.133301099999999895e-01
2.344387199999999616e-01
2.345083000000000029e-01
4.541393999999999154e-01
4.388567350000000533e-01
3.119545349999999773e-01
4.467679999999999985e-01
5.140545949999999475e-01
3.920581950000000537e-01
3.671176000000000439e-01
3.659665000000000834e-01
2.889791499999999624e-01
3.903447999999999918e-01
3.608627000000000362e-01
3.275752000000000663e-01
4.131418699999999666e-01
4.255137199999999842e-01
5.662319999999999576e-01
1.684914499999999871e-01
3.109785000000001021e-01
4.244587500000000513e-01
2.762245999999999313e-01
3.361205499999999624e-01
3.646852000000000427e-01
6.204832000000000125e-01
4.171499000000000734e-01
2.460467000000000348e-01
2.350383999999999807e-01
2.214442999999999551e-01
3.092677999999999816e-01
2.933623000000000758e-01
3.050346000000000446e-01
2.292939500000000519e-01
2.112504600000000010e-01
1.964174999999999949e-01
2.653794999999999904e-01
3.455071400000001014e-01
5.344094999999999818e-01
4.099311999999999956e-01
3.103945599999999860e-01
3.056852099999999850e-01
2.638129700000000355e-01
2.155850699999999898e-01
3.710611999999999799e-01
1.614636500000000141e-01
2.996183500000000333e-01
1.213812599999999797e+00
3.121385600000000649e-01
3.089442399999998701e-01
3.235735499999999876e-01
5.047997000000000734e-01
6.123172500000000351e-01
2.802382999999999402e-01
1.737679999999999780e-01
2.431212000000000650e-01
3.618533500000000180e-01
5.531749500000000541e-01
2.150197499999999817e-01
3.435937499999999756e-01
4.102412999999999754e-01
3.736844999999999750e-01
2.802488999999999675e-01
2.600748999999999977e-01
1.917959999999999665e-01
2.990276999999999519e-01
7.224150000000000016e-02
1.967150000000000287e-01
3.076662000000000563e-01
4.837590499999999683e-01
2.704248200000000102e-01
4.584641299999999697e-01
5.007360000000000699e-01
4.185797399999999779e-01
3.541699099999999767e-01
2.347452399999999662e-01
1.648603000000000152e-01
3.161736100000000493e-01
3.730773800000000140e-01
2.938107200000000252e-01
3.000270899999999408e-01
2.988387500000000419e-01
2.424848450000000044e-01
1.453583449999999999e-01
2.079881499999999828e-01
3.147687499999999861e-01
3.861363500000000726e-01
4.666759500000000616e-01
2.118961000000000594e-01
2.529085000000000361e-01
4.100865999999999678e-01
5.032473000000000640e-01
5.470085000000000086e-01
1.466588000000000058e-01
4.012033000000000404e-01
5.239170000000000771e-01
2.178588000000000191e-01
4.190380800000000905e-01
5.540018800000000576e-01
1.377955000000000152e-01
3.206719000000000652e-01
3.475302300000000510e-01
4.561160300000000056e-01
3.671367599999999509e-01
2.378800400000000148e-01
1.466627500000000361e-01
2.933333670000000115e-01
1.879322830000000055e-01
3.005290499999999643e-01
3.544925499999999063e-01
1.940699000000000451e-01
2.501484000000000485e-01
5.144665000000000488e-01
5.190430000000000321e-01
4.586345000000000005e-01
3.511470000000000424e-01
7.093843499999999969e-01
4.312136499999998929e-01
4.184019500000000780e-01
5.649755000000000749e-01
4.408369500000000607e-01
2.955725000000000158e-01
1.677049999999999652e-01
3.168729999999999603e-01
4.929165999999999825e-01
4.204157000000000588e-01
2.863301000000000873e-01
2.559450999999999810e-01
2.948276499999999967e-01
3.994499899999999770e-01
3.020321900000000337e-01
2.195654500000000231e-01
3.961296999999999735e-01
4.338604999999999823e-01
3.639879999999999782e-01
1.577105000000000035e-01
4.943674999999999597e-01
7.480520000000000502e-01
2.253185000000000604e-01
1.944405000000000161e-01
4.309640000000000137e-01
3.839045999999999847e-01
2.344851000000000019e-01
1.741749999999999687e-01
2.282446500000000489e-01
3.573901500000000175e-01
4.343410500000000063e-01
3.472269500000000342e-01
4.751089499999999743e-01
4.555160500000000612e-01
2.713163000000000102e-01
2.692172999999999927e-01
1.387137499999999690e-01
2.955807999999999769e-01
4.869601500000000360e-01
3.404321999999999626e-01
1.916322499999999485e-01
3.349521999999999777e-01
4.596072000000000490e-01
4.726312000000000291e-01
3.624828999999999968e-01
1.477764500000000036e-01
1.974920500000000301e-01
2.667156700000000713e-01
1.324772949999999672e-01
2.700990249999999926e-01
4.433821499999999749e-01
6.126100000000000989e-01
5.817070500000001143e-01
7.227456000000000991e-01
6.254119500000000498e-01
3.509278000000000119e-01
3.960279499999999619e-01
5.714825000000000044e-01
3.289296049999999583e-01
2.216699350000000401e-01
6.163634399999999847e-01
2.839701000000000586e-01
3.662058000000000257e-01
6.056105999999999989e-01
1.920332999999999901e-01
5.321372000000000879e-01
5.460744999999999072e-01
1.913332999999999839e-01
3.268864000000000214e-01
4.155415100000000028e-01
2.663325099999999668e-01
2.637203000000000186e-01
6.038136000000000614e-01
4.790916000000000063e-01
1.993837000000000526e-01
4.451069000000000275e-01
3.211000699999999042e-01
3.658058700000000885e-01
3.201575999999999866e-01
3.474734499999999615e-01
2.794873499999999678e-01
2.313986000000000653e-01
2.577284149999999885e-01
3.594012150000000516e-01
6.679960999999998705e-01
2.396722150000000218e-01
3.661754649999999778e-01
3.317492000000000774e-01
2.802052999999999350e-01
2.838632000000000377e-01
4.049231999999999831e-01
5.090048000000000350e-01
4.937068499999999749e-01
2.038990200000000141e-01
3.586805200000000582e-01
2.338426500000000685e-01
4.843597999999999515e-01
4.445908000000000637e-01
2.222028000000000336e-01
3.956652999999999976e-01
5.172042450000000624e-01
3.805348450000000660e-01
2.272496999999999989e-01
3.320042500000000008e-01
3.848861999999999561e-01
3.184621999999999731e-01
1.778147499999998826e-01
4.127655500000000921e-01
6.441419499999999632e-01
6.328435000000000032e-01
3.196385000000000476e-01
2.677936999999999679e-01
5.571011000000000157e-01
