FramewiseDisplacement
6.720812000000000452e-01
1.045628999999999864e-01
2.192112499999999686e-01
3.809652500000001440e-01
2.028235000000000454e-01
2.944527499999999298e-01
2.901565349999999932e-01
4.187222849999999719e-01
2.707973000000000185e-01
1.975725500000000689e-01
4.179515999999999232e-01
4.026158499999999973e-01
6.130573000000000272e-01
3.447822999999998750e-01
1.027056600000000097e+00
3.510171000000000818e-01
4.195201999999998987e-01
3.746850600000000142e-01
9.893085999999999547e-02
2.435009999999999397e-01
2.152126000000000039e-01
1.011746400000000934e-01
2.854575600000000546e-01
5.349894499999999775e-01
6.728948500000000443e-01
7.774000000000002020e-01
3.479277000000000064e-01
1.705644000000000049e-01
1.604259499999999838e-01
1.893243950000000064e-01
1.311696949999999473e-01
2.883953000000000766e-01
2.243727500000000097e-01
1.447981999999999880e-01
1.877250499999998934e-01
2.824680499999999705e-01
1.661000000000000254e-01
3.614140999999999604e-01
5.744942199999999444e-01
1.654277380000000131e+00
8.433786500000001185e-01
5.853814999999999991e-01
1.022536649999999936e+00
2.801301499999999667e+00
1.993313000000000113e+00
2.894549999999999068e-01
6.660309499999998994e-01
2.601995499999999462e-01
4.836556500000002146e-01
7.772676499999999766e-01
4.687704999999998678e-01
2.833770500000000192e-01
3.697990999999999917e-01
1.847198999999999647e-01
4.067209499999999700e-01
4.396429999999998950e-01
3.256867500000000804e-01
2.259104500000001514e-01
1.118693000000001436e-01
1.324530000000000707e-01
3.388594000000000328e-01
2.689905000000000213e-01
7.542385000000000339e-01
2.726312999999999098e-01
3.610359000000000762e-01
3.514035500000000090e-01
3.290639999999999676e-01
3.175152500000000266e-01
2.153856000000000104e-01
3.751448999999999478e-01
6.510108499999998077e-01
6.475376999999999938e-01
7.148035500000000653e-01
2.546586499999999309e-01
2.962164000000001018e-01
4.866095500000001683e-01
8.230564999999999687e-01
2.843526999999999583e-01
2.081672999999999996e-01
4.150367600000000601e-01
2.662166400000000044e-01
3.928795000000000481e-01
2.791966999999999643e-01
4.034478000000000231e-01
2.566322000000000325e-01
2.081772000000000344e-01
5.026460999999999846e-01
9.215693500000001759e-01
9.899008999999999725e-01
3.937264499999999501e-01
5.110532999999999326e-01
3.344456999999999569e-01
1.966452999999999673e-01
3.918602800000000053e-01
8.509944200000000292e-01
1.456900100000000364e+00
1.750502799999999803e+00
3.509755000000000513e-01
2.668014999999999692e-01
2.278944999999999721e-01
4.326243000000001282e-01
5.626588000000000145e-01
6.260076000000001084e-01
4.443686000000000025e-01
5.894414000000001153e-01
4.262471499999999081e-01
3.215407499999999308e-01
3.289090000000001179e-01
2.322266499999999234e-01
3.099282999999999899e-01
3.359415500000000332e-01
4.711796999999999236e-01
4.623662999999999523e-01
5.033782500000001381e-01
2.451773000000000147e-01
3.597127999999999437e-01
4.104164500000000437e-01
5.089903500000001468e-01
2.651987500000001496e-01
3.817476600000000442e-01
3.362231099999999362e-01
9.015981200000001694e-01
6.204054299999999245e-01
5.245990999999999849e-01
5.164189000000000140e-01
3.971333000000000224e-01
2.471223899999999973e-01
2.641519900000000032e-01
3.577824000000000004e-01
3.772332999999999936e-01
4.526897000000000282e-01
2.698926199999999720e-01
5.817330450000000042e-01
3.595122250000000186e-01
4.027100000000000124e-01
2.673959829999999482e-01
2.371818829999999823e-01
2.764119499999999618e-01
2.874441100000000304e-01
2.335827500000000057e-01
1.640660349999999712e-01
2.000056285999999850e-01
4.817777235999999852e-01
3.584150999999999865e-01
2.707827000000000428e-01
1.448639170000000087e-01
4.794320330000000352e-01
6.474216499999999597e-01
3.025539199999999762e-01
2.184722550000000041e-01
2.504450500000000024e-01
3.519715449999999968e-01
4.395887600000000228e-01
4.953292499999999432e-01
2.990395500000000428e-01
3.570351500000000233e-01
4.090289499999999467e-01
4.156279000000000501e-01
4.547844500000000068e-01
3.462176499999999879e-01
7.533944999999999670e-01
6.303530999999999995e-01
6.425809000000000104e-01
4.857827499999999854e-01
3.005324305000000584e-01
3.646169804999999653e-01
3.137839999999999518e-01
2.232303999999999955e-01
4.162295500000000037e-01
4.762122500000000591e-01
5.876357500000000122e-01
4.898407500000000470e-01
4.329948000000000130e-01
5.028542999999998653e-01
3.796856000000000120e-01
3.784272999999999665e-01
4.105673000000000239e-01
2.891019000000000783e-01
3.577916999999999903e-01
3.697074000000000193e-01
3.273520699999999950e-01
2.709176699999999438e-01
1.850543000000000327e-01
2.062555999999999556e-01
2.851443000000000172e-01
5.900001000000000273e-01
3.593748999999999971e-01
5.986074000000000117e-01
3.730392999999999626e-01
2.705013000000000556e-01
1.338519999999999710e-01
1.796845999999999999e-01
2.267849300000000234e-01
1.648237300000000294e-01
4.688367000000000506e-01
4.877963999999999634e-01
6.265573399999998516e-01
3.935572099999999907e-01
7.569820999999998801e-01
1.744557850000000299e+00
3.105116499999999835e+00
1.052403899999999837e+00
6.870795999999997905e-01
4.959945000000001158e-01
3.517000000000001236e-01
5.051484999999997783e-01
1.009473000000000065e+00
7.693519999999999248e-01
7.547258999999999496e-01
5.767054999999999820e-01
5.896863999999999439e-01
4.081265000000000587e-01
6.571314000000001432e-01
7.600133000000000028e-01
1.118507099999999754e+00
1.310809279999999966e+00
4.428923800000001409e-01
7.705547870000001298e-01
7.092500130000001235e-01
7.120612600000000292e-01
9.046042600000000489e-01
8.202813399999999699e-01
6.543398400000000059e-01
7.876699999999999813e-01
1.489296999999999871e+00
7.611954000000001885e-01
6.686199999999998811e-01
6.875845000000000429e-01
8.292785000000000295e-01
7.757931000000000132e-01
5.739280999999999411e-01
1.522526599999999730e+00
9.207199999999997608e-01
2.423022099999999845e+00
6.502440000000000442e-01
3.892994999999997985e-01
5.100707999999999354e-01
5.124513000000001650e-01
3.276119999999999033e-01
3.324494999999999534e-01
2.148184999999998845e-01
5.279305000000001913e-01
9.453897199999999890e-01
9.306757200000000951e-01
6.219605000000000272e-01
3.079009999999999247e-01
4.206595000000000750e-01
1.377848500000000254e+00
6.658695000000002251e-01
6.147778999999999883e-01
4.283103999999999800e-01
5.279825000000000212e-01
8.790964999999999474e-01
7.810333000000000414e-01
7.040503000000000178e-01
6.105977999999999684e-01
4.778307999999998890e-01
5.089301999999999992e-01
6.341936999999999713e-01
8.149743999999999877e-01
4.247683999999999904e-01
3.879696000000000256e-01
5.462211000000001260e-01
4.972496000000000138e-01
3.527836000000000860e-01
5.254943599999999382e-01
5.899098600000000081e-01
5.398389999999998468e-01
3.788612000000000091e-01
4.885910000000000530e-01
3.443655000000001021e-01
2.151250999999999858e-01
4.453161999999999399e-01
4.358871999999999747e-01
3.175424000000000024e-01
2.992331999999999215e-01
4.451799999999999646e-01
5.414180000000001769e-01
6.504920000000000702e-01
5.527085000000000470e-01
5.632371999999998824e-01
5.985882999999999621e-01
7.687994799999999795e-01
2.036990480000000048e+00
9.625829999999997444e-01
4.127815000000000234e-01
4.043355000000000143e-01
3.824509000000001491e-01
3.836633999999999878e-01
1.991647999999999863e+00
6.746984999999996457e-01
1.326430499999999846e+00
9.768365000000001075e-01
5.775139999999997498e-01
9.485070000000002111e-01
6.896939999999998072e-01
1.983659999999999868e-01
7.318219999999998615e-01
7.307339999999998836e-01
