FramewiseDisplacement
2.925572000000000727e-01
3.537369000000000208e-01
1.582885299999999829e-01
1.529454050000000342e-01
9.945106500000006067e-02
6.168147000000005070e-02
7.386216999999997701e-02
1.182849600000001056e-01
2.697492499999999405e-01
1.943432500000000784e-01
8.907619999999998039e-02
1.657027000000000083e-01
1.027758500000000297e-01
8.955214999999999703e-02
1.030866499999999880e-01
1.633708999999999578e-01
2.349784499999999499e-01
2.367412999999999601e-01
3.017487999999999837e-01
1.974066000000000154e-01
1.326448000000000071e-01
1.361501500000000253e-01
1.645846999999999727e-01
1.924224499999999949e-01
1.380236000000000518e-01
6.254965000000002606e-02
1.872619499999999826e-01
2.196274300000000679e-01
9.124084000000000361e-02
8.060118999999997536e-02
9.538735499999996537e-02
1.177196049999999911e-01
2.037045699999999737e-01
1.786282149999999791e-01
7.666163499999997799e-02
1.257386299999999901e-01
8.797576000000004171e-02
6.146139999999999243e-02
7.572410000000001640e-02
9.794728000000002544e-02
1.112442799999999871e-01
1.736795999999999895e-01
1.967539699999999725e-01
1.608740699999999801e-01
8.584470000000000989e-02
1.908792500000000003e-01
2.140802499999999997e-01
1.556344149999999704e-01
4.971084999999995230e-02
1.235522650000000083e-01
9.111125000000001861e-02
9.331999999999998630e-02
2.418256000000000017e-01
2.727150899999999933e-01
2.174100099999999869e-01
1.313549100000000469e-01
1.473968599999999907e-01
1.976012950000000101e-01
2.439477150000000372e-01
2.971998400000000484e-01
2.554225499999999704e-01
2.289355499999999877e-01
2.109356000000000009e-01
1.315630614999999948e-01
4.516901350000000759e-02
1.062763220000000064e-01
2.094731400000000299e-01
2.334981800000000274e-01
2.214591050000000449e-01
2.212386150000000273e-01
2.415120700000000509e-01
1.763862700000000117e-01
1.486953699999999934e-01
1.275900949999999867e-01
1.539293500000000203e-01
1.655792449999999860e-01
1.376055299999999759e-01
9.695865000000000733e-02
1.100751300000000210e-01
6.589427999999999952e-02
1.897458049999999896e-01
2.015433549999999796e-01
2.052084799999999987e-01
2.132147000000000070e-01
2.307820599999999833e-01
1.790772800000000053e-01
1.313415550000000265e-01
1.399672250000000284e-01
5.557839999999999309e-02
1.215793500000000027e-01
2.272814600000000185e-01
3.222262199999999521e-01
1.446792199999999973e-01
1.205914350000000107e-01
2.310848149999999990e-01
2.812445399999999873e-01
1.553736649999999941e-01
1.246446349999999897e-01
1.174930099999999950e-01
8.053927000000001002e-02
1.815414210000000084e-01
1.491830710000000004e-01
2.598695299999999597e-01
3.238737199999999761e-01
2.381074900000000050e-01
1.008901800000000099e-01
1.199743499999999935e-01
1.746281500000000098e-01
1.792896600000000173e-01
1.589837000000000056e-01
1.634780700000000031e-01
1.428727499999999928e-01
1.288875099999999829e-01
6.004911999999999750e-02
1.116984600000000133e-01
1.285713300000000114e-01
1.878035100000000346e-01
1.849089200000000321e-01
1.083771473999999846e-01
1.192292073999999952e-01
1.318205560000000054e-01
8.008855600000000519e-02
6.614781999999998219e-02
8.605788499999998675e-02
1.619382250000000190e-01
1.952174350000000225e-01
1.777786749999999971e-01
2.038128500000000176e-01
1.716132699999999844e-01
1.459528910000000013e-01
2.798707510000000287e-01
2.665937499999999627e-01
2.433677900000000283e-01
2.465549459999999971e-01
2.319446659999999938e-01
1.929983000000000115e-01
1.551394500000000121e-01
1.023578300000000108e-01
1.444706050000000297e-01
1.592052110000000131e-01
2.168182960000000492e-01
1.740593000000000001e-01
1.562964500000000034e-01
3.015224699999999869e-01
2.621441034999999475e-01
2.075475935000000161e-01
2.596547199999999500e-01
2.852513999999999883e-01
2.236129250000000179e-01
1.685284699999999580e-01
1.239300049999999959e-01
1.342580449999999648e-01
2.121661900000000045e-01
1.573087549999999668e-01
2.255024500000000209e-01
2.353249055000000423e-01
1.757152975000000061e-01
1.564824264999999937e-01
1.432213005000000094e-01
1.035051700000000074e-01
6.684420300000000481e-02
1.632722879999999877e-01
2.110201450000000201e-01
1.164058099999999984e-01
2.434410000000000393e-02
9.071213999999999666e-02
9.982970500000000469e-02
2.086819149999999956e-01
2.197519999999999474e-01
1.855845899999999660e-01
9.981847999999998722e-02
7.549564999999999748e-02
7.897079999999999378e-02
1.369064899999999918e-01
1.819479500000000249e-01
2.090291100000000180e-01
1.875601499999999811e-01
2.235914099999999904e-01
1.662646100000000349e-01
1.622884379999999793e-01
1.820382829999999674e-01
1.835526349999999918e-01
1.587433900000000120e-01
1.419371999999999856e-01
1.337953000000000059e-01
1.714558500000000207e-01
6.753387499999999322e-02
4.171307500000000223e-02
7.272549999999999848e-02
1.747366500000000211e-01
1.171233999999999886e-01
1.412159999999999804e-01
1.172288349999999896e-01
1.750902350000000107e-01
1.805963500000000166e-01
4.740550000000000319e-02
1.243603099999999878e-01
1.434521599999999952e-01
1.835074999999999901e-01
1.666112999999999900e-01
1.956421499999999869e-01
2.313082000000000193e-01
2.903323150000000075e-01
2.385265099999999971e-01
2.001681650000000090e-01
1.646617300000000061e-01
9.522839999999997695e-02
1.022966999999999904e-01
1.808876009999999812e-01
1.110132609999999881e-01
1.103035599999999949e-01
1.657976400000000239e-01
1.595474299999999901e-01
1.983013500000000429e-01
1.460773150000000131e-01
9.321889499999999606e-02
1.555600949999999816e-01
2.034448030000000074e-01
2.026578520000000272e-01
1.833814599999999961e-01
2.024221249999999528e-01
2.122278499999999402e-01
1.930269950000000068e-01
1.404694700000000129e-01
9.619684999999997266e-02
1.381102499999999900e-01
1.626467500000000066e-01
1.463523000000000185e-01
1.631280000000000230e-01
1.351419700000000002e-01
1.561837549999999797e-01
1.433087849999999663e-01
8.241450000000000164e-02
8.140094999999998582e-02
7.911518499999999066e-02
1.613428349999999623e-01
1.502608700000000186e-01
1.372854200000000191e-01
1.423667499999999864e-01
5.141300000000000037e-02
1.880145500000000025e-01
1.957382500000000025e-01
1.526522000000000157e-01
1.433098000000000150e-01
2.660664499999999544e-01
2.503775699999999937e-01
2.451711199999999924e-01
2.026975500000000041e-01
1.988165100000000018e-01
1.570426100000000547e-01
2.107609999999999761e-01
1.986425999999999747e-01
2.206434099999999843e-01
1.991961299999999713e-01
1.862628400000000128e-01
1.210215500000000055e-01
9.443323700000000320e-02
1.094966869999999814e-01
1.271243499999999971e-01
2.017479600000000040e-01
2.521751600000000093e-01
1.895500499999999422e-01
1.744806500000000149e-01
1.740080499999999974e-01
2.279590500000000242e-01
1.725928999999999935e-01
1.073483999999999827e-01
4.274565000000001697e-02
1.584330999999999934e-01
1.758916999999999842e-01
6.581824999999999481e-02
1.861859999999999904e-01
1.954826999999999815e-01
2.436490000000000045e-01
1.999897999999999954e-01
1.501918499999999601e-01
1.560822499999999780e-01
1.640691849999999785e-01
1.431429999999999925e-01
1.086292500000000244e-01
7.629804000000003916e-02
5.345755500000001076e-02
1.323435500000000042e-01
1.983476499999999587e-01
2.062436649999999927e-01
1.977105999999999864e-01
2.767831949999999819e-01
2.049389950000000127e-01
1.403444000000000080e-01
1.528004499999999766e-01
1.565545500000000145e-01
9.788740000000001329e-02
1.012237250000000005e-01
2.146373750000000191e-01
2.463036299999999956e-01
2.673743700000000278e-01
2.460505000000000053e-01
2.207637300000000191e-01
2.428369649999999880e-01
