FramewiseDisplacement
5.376539860000000282e-01
3.781337500000000462e-01
8.706165000000007370e-02
9.004840000000002842e-02
6.446820000000007267e-02
1.908390000000012576e-02
1.101755499999999693e-01
4.424859999999997129e-02
4.417880000000001806e-02
8.894705000000002748e-02
1.151489500000000832e-01
1.150316499999999853e-01
1.187785999999999842e-01
1.687847999999999848e-01
3.194349499999999953e-01
2.685671999999999504e-01
2.456041499999999933e-01
1.604599999999999915e-01
1.279316000000000064e-01
1.530601450000000086e-01
1.292413049999999730e-01
5.457729000000000746e-02
6.257519999999992810e-02
1.477707000000000881e-01
1.392246000000000317e-01
9.030745999999995055e-02
4.725013999999996828e-02
6.686034999999999895e-02
9.330880200000001012e-02
1.023171520000000223e-01
8.008999999999995290e-02
6.595884999999999942e-02
8.186770999999998244e-02
9.662376500000002810e-02
8.245697499999998792e-02
8.313340000000002394e-02
7.818130500000004812e-02
1.398995399999999889e-01
8.781048499999999368e-02
1.760271500000000211e-01
2.425367999999999968e-01
2.677892000000000050e-01
1.874057499999999543e-01
6.877595000000001624e-02
6.187725499999998519e-02
6.667849500000000429e-02
1.740024999999999905e-02
1.038864499999999913e-01
1.423472500000000363e-01
8.499560000000001836e-02
7.037895600000000640e-02
4.956795599999998941e-02
1.843170000000000225e-02
5.163300000000001222e-02
9.378675000000000206e-02
2.612811999999999912e-01
8.461184999999998846e-02
6.209695000000004655e-02
1.241834499999999591e-01
3.645410000000000039e-01
3.584719799999999679e-01
2.724397300000000466e-01
1.596563500000000024e-01
1.984680500000000347e-01
3.408203000000000205e-01
3.933354499999999754e-01
3.731317500000000398e-01
2.082547999999999899e-01
6.908825000000001770e-02
2.459657500000000385e-01
2.335613500000000287e-01
1.032058499999999740e-01
1.003392499999999771e-01
3.600844499999999448e-01
2.096563500000000191e-01
2.462711700000000392e-01
1.153975700000000049e-01
5.262139999999998485e-02
6.013530000000000958e-02
1.091160600000000008e-01
1.567958100000000077e-01
7.714045000000001318e-02
1.915264999999999607e-01
5.888589999999999103e-02
8.480340000000001488e-02
6.904190000000000327e-02
1.296678500000000012e-01
1.087142499999999984e-01
1.513158500000000295e-01
2.398693499999999812e-01
1.378148499999999887e-01
6.686236999999997654e-02
1.328738200000000313e-01
1.958363000000000187e-01
1.819245500000000182e-01
1.576837000000000100e-01
2.246676999999999980e-01
9.699645000000001183e-02
6.819545000000000468e-02
6.535602100000001413e-02
2.370528209999999969e-01
2.003308499999999492e-01
1.179775500000000144e-01
2.191117999999998844e-02
6.141617999999998689e-02
8.360310000000001351e-02
1.260632820000000265e-01
1.386952120000000122e-01
9.877401999999996240e-02
1.466826599999999925e-01
1.846058200000000038e-01
8.042168999999999013e-02
8.248985499999998694e-02
1.471804549999999878e-01
8.876552000000000053e-02
8.061528999999999223e-02
1.076130300000000262e-01
2.294091199999999942e-01
1.870586699999999825e-01
1.099054000000000003e-01
4.878389000000000336e-02
1.652949699999999855e-01
2.375646550000000135e-01
1.582748750000000093e-01
8.124046000000000045e-02
1.036529100000000009e-01
8.616583999999999355e-02
4.368869999999999698e-02
3.412389000000000394e-02
1.064266549999999811e-01
1.688089750000000000e-01
1.527679599999999804e-01
4.661246000000000833e-02
6.912461000000000300e-02
1.769370249999999700e-01
1.448457150000000138e-01
8.001295999999999409e-02
1.283078849999999826e-01
6.977083500000000327e-02
5.907261000000000456e-02
1.330247310000000072e-01
8.669486900000000773e-02
6.894215000000000759e-02
4.897309000000000384e-02
3.978516999999999471e-02
6.591682999999999570e-02
3.144706999999999364e-02
5.470798500000000758e-02
6.717605000000000104e-02
6.456694500000000059e-02
1.734006000000000089e-02
1.695126500000000008e-02
8.881703000000000514e-02
4.934120499999999909e-02
3.291123500000000396e-02
3.967670999999999698e-02
5.729737499999999761e-02
4.493674999999999059e-02
6.773388000000001019e-02
3.109444499999999834e-02
7.663827499999999182e-02
1.746273640000000071e-01
2.466241210000000017e-01
1.100110300000000096e-01
8.097021500000001204e-02
1.721425999999999790e-01
1.687500190000000011e-01
9.179821900000000034e-02
2.096047999999999800e-01
2.620415499999999565e-01
1.398510000000000031e-01
1.064480849999999978e-01
1.300601349999999656e-01
8.747789999999999733e-02
6.878482999999997738e-02
1.626356999999999664e-01
1.995786300000000346e-01
7.636619999999999520e-02
7.201569999999998806e-02
6.279075000000000628e-02
5.773055000000000547e-02
1.737700950000000133e-01
8.533810999999999480e-02
9.314743500000000065e-02
1.333474699999999957e-01
1.299976700000000096e-01
8.970360000000002221e-02
6.759921999999998765e-02
7.977372000000000629e-02
6.065484999999999627e-02
1.331535499999999816e-01
9.955109999999996184e-02
6.356046000000001306e-02
7.525230999999998893e-02
5.675438999999998790e-02
9.928105999999996267e-02
8.183651999999999593e-02
1.199640100000000098e-01
1.599500300000000208e-01
2.097582449999999821e-01
1.140120450000000063e-01
8.128455000000002484e-02
2.995905000000000443e-02
5.568059999999999676e-02
1.714359000000000299e-01
1.677459000000000033e-01
1.197410299999999983e-01
1.626784700000000194e-01
1.683456999999999870e-01
9.277724000000001081e-02
8.203320000000000056e-02
1.324104000000000114e-01
9.021695000000000408e-02
5.314304999999999723e-02
7.816121999999998959e-02
7.069187000000000387e-02
7.052895000000002079e-02
6.217119999999998203e-02
4.481627999999999307e-02
3.026012999999999967e-02
3.424050000000000010e-02
4.798234999999999306e-02
9.807846500000001744e-02
4.204936499999999827e-02
9.870048000000000710e-02
5.564362099999999034e-02
4.868892899999999885e-02
1.545816849999999965e-01
1.269463349999999935e-01
1.421209030000000206e-01
6.284204799999998370e-02
2.936520499999999492e-02
9.850494999999999390e-02
1.953312850000000211e-01
2.320481350000000165e-01
1.356197500000000111e-01
1.212862500000000121e-01
2.180431500000000189e-01
1.609431499999999793e-01
9.823394999999998656e-02
7.707050000000002787e-02
4.600129999999999497e-02
4.543187000000000614e-02
1.012294299999999536e-01
8.895925000000001748e-02
1.924670500000000284e-01
1.224147500000000166e-01
6.665950000000001041e-02
7.537800000000004219e-02
8.360158000000002254e-02
1.154018299999999969e-01
5.720326999999997969e-02
2.399651019999999788e-02
4.179533019999998045e-02
6.541750000000000342e-02
4.120518000000002179e-02
6.445808000000002869e-02
6.115665000000000684e-02
1.035231499999999666e-01
1.193641199999999764e-01
4.862106999999997459e-02
6.384089999999997822e-02
2.896789999999997006e-02
7.487535000000002106e-02
1.697945599999999833e-01
1.030016699999999896e-01
1.441350800000000265e-01
6.814040000000001762e-02
7.786890000000004641e-02
3.915019999999996142e-02
4.178910000000001651e-02
2.621719999999996137e-02
2.869410000000001404e-02
2.881509999999998239e-02
9.989359999999994355e-02
8.832800000000001761e-02
7.261420000000000374e-02
2.430969999999998965e-02
1.590706699999999973e-01
1.858267699999999745e-01
1.060600499999999613e-01
1.014529500000000278e-01
9.420629999999999282e-02
1.120456499999999966e-01
9.890915000000001511e-02
8.794850000000001278e-02
4.549099999999997590e-02
8.701750000000001151e-02
4.187710000000006982e-02
3.728400000000001852e-02
3.565029999999998200e-02
6.726249999999998896e-02
3.406979999999997649e-02
6.320769999999997779e-02
5.066879999999994444e-02
3.719850000000000934e-02
1.287739999999999996e-01
4.240429999999999200e-02
3.697789999999996635e-02
