FramewiseDisplacement
5.743763000000001728e-01
1.828758000000000605e-01
1.704341000000000883e-01
1.587610999999999328e-01
4.009099999999992531e-02
1.059764999999998902e-01
3.463329999999996411e-02
5.721090000000007836e-02
5.028700000000006082e-02
1.093271999999997773e-01
1.044709999999999528e-01
7.494519999999993409e-02
1.103541999999999718e-01
1.549088999999999328e-01
6.022270000000007339e-02
9.035240000000005489e-02
3.801259999999997974e-02
1.335301999999999045e-01
9.941810000000000924e-02
1.781806999999999142e-01
8.195680000000003795e-02
7.830630000000002311e-02
1.032659000000000493e-01
9.431239999999996293e-02
6.439259999999993878e-02
4.294260000000008071e-02
1.125146999999999536e-01
6.574049999999995175e-02
1.925777000000000183e-01
1.427571999999998065e-01
5.715889999999994309e-02
1.476274999999998838e-01
3.651649999999988239e-02
4.590390000000003912e-02
1.321080999999998951e-01
1.332786999999999999e-01
1.042170000000000041e-01
1.424436000000000035e-01
1.442702000000000706e-01
1.052413000000000792e-01
1.239231999999998862e-01
7.317579999999997142e-02
7.054150000000002085e-02
1.099398000000000319e-01
9.231860000000007005e-02
7.511299999999990207e-02
8.947169999999998735e-02
1.085004999999999720e-01
8.994040000000003143e-02
8.854880000000002471e-02
1.051636000000000515e-01
1.553313000000000610e-01
4.405080000000002882e-02
9.926169999999995275e-02
3.160460000000002434e-02
9.962580000000001434e-02
2.690819999999997242e-02
6.687240000000002627e-02
5.682500000000000051e-02
6.328250000000001929e-02
5.924330000000010976e-02
1.087239000000000677e-01
1.005983000000000016e-01
1.182216000000000239e-01
2.520729999999996723e-02
1.103604000000000113e-01
7.412570000000003045e-02
2.639920000000004624e-02
6.845369999999999233e-02
7.708290000000002362e-02
1.027664000000000355e-01
6.879630000000004630e-02
8.424399999999995781e-02
8.396530000000004823e-02
3.215229999999996702e-02
4.928509999999999835e-02
1.145848000000000422e-01
2.171373000000000331e-01
1.931109000000000575e-01
1.329354999999999842e-01
3.092259999999999454e-02
2.414000000000005031e-02
6.891499999999996240e-02
9.508564999999995215e-02
1.596894999999996789e-02
1.070240499999999956e-01
6.870535000000004000e-02
6.441164999999997309e-02
3.526244999999997992e-02
8.626514999999997102e-02
9.776664999999998273e-02
6.910700000000004339e-02
1.263210499999999903e-01
5.103225000000000122e-02
5.738770999999996680e-02
6.134338000000000291e-02
1.300342399999999676e-01
1.051856999999999792e-01
7.572884999999998645e-02
7.515935000000001365e-02
9.135739999999999139e-02
1.187657000000000018e-01
4.147132000000000596e-02
1.453101149999999897e-01
1.388848159999999943e-01
4.851303599999998162e-02
2.584819999999998438e-02
5.146049099999999710e-02
5.886878600000000628e-02
6.085691000000000711e-02
3.305384999999996798e-02
7.453754500000001060e-02
9.918759499999998952e-02
8.133675000000001321e-02
7.241714999999998570e-02
4.141489999999999061e-02
7.870650000000001256e-02
8.095506000000000923e-02
3.632112499999998190e-02
8.061148499999998274e-02
1.089783000000000418e-01
7.093108500000000483e-02
3.788230000000000763e-02
8.929170000000000162e-02
9.583159999999997514e-02
7.710931999999996733e-02
5.461870500000000350e-02
8.745559999999999445e-02
2.337658499999999834e-02
6.027359999999999662e-02
2.388900000000000051e-02
4.482453499999999869e-02
1.008600849999999882e-01
1.008619849999999873e-01
1.089343190000000017e-01
7.051618399999999565e-02
3.532477500000000270e-02
3.946572500000000705e-02
3.525249400000000921e-02
1.141887440000000226e-01
4.162497999999999893e-02
1.164449899999999982e-01
1.273437450000000082e-01
5.813063499999999995e-02
1.549156900000000017e-02
5.085398699999999633e-02
7.138320200000000670e-02
1.615706620000000038e-01
1.009948719999999994e-01
9.218542500000001527e-02
1.052478879999999839e-01
1.178390779999999999e-01
9.826819999999998612e-02
6.779003999999999586e-02
3.848334999999999950e-02
4.443580000000001834e-02
7.724401000000001571e-02
4.816079000000000193e-02
8.201809999999999656e-02
8.783969999999999279e-02
5.811610000000000387e-02
1.279471000000000080e-01
1.313741999999999688e-01
3.974180000000001461e-02
1.227325000000000083e-01
8.185919999999999308e-02
4.843110000000001858e-02
3.685520000000003932e-02
4.964140000000002301e-02
9.202012000000002467e-02
3.722613999999997703e-02
1.175925599999999988e-01
6.282119999999996596e-02
7.630079999999996032e-02
1.119566999999999646e-01
1.071986999999999801e-01
7.492934000000003869e-02
3.503505999999997900e-02
1.059117400000000320e-01
4.129445000000000338e-02
3.262066099999999524e-01
4.006699699999999864e-01
3.968707700000000393e-01
1.028162000000000242e-01
1.272307000000000021e-01
6.530299999999999994e-02
4.505250000000001614e-02
5.842909999999997689e-02
1.105049999999999921e-01
8.101650000000001905e-02
4.800200000000003075e-02
9.112800000000000067e-02
1.108309000000000100e-01
5.840000000000000052e-02
1.065694000000000502e-01
6.381180000000000185e-02
3.589930000000002980e-02
8.615509999999995672e-02
6.122169999999997614e-02
7.139860000000000650e-02
5.545979999999998966e-02
4.687619000000000091e-01
4.254552700000000520e-01
4.041075800000000218e-01
2.679155999999999760e-01
2.336384999999999712e-01
1.870002600000000292e-01
1.885239599999999904e-01
7.102014999999999023e-02
8.815987000000000129e-02
1.226644699999999699e-01
7.562194999999999334e-02
6.436415000000000886e-02
9.356849999999997114e-02
5.117585000000000883e-02
8.132034999999999958e-02
1.151350499999999888e-01
3.960449999999999388e-02
8.452565000000000772e-02
8.061409999999999410e-02
8.955810000000000159e-02
1.183904000000000067e-01
6.578069999999999751e-02
7.265670000000000461e-02
1.169067999999999913e-01
5.955485000000000639e-02
3.421629999999998423e-02
7.461269999999997626e-02
4.882369999999997684e-02
6.933535000000001780e-02
9.243239999999997014e-02
1.038325999999999971e-01
1.024959000000000009e-01
3.395750000000001545e-02
8.828624999999999667e-02
1.209760499999999878e-01
7.695955000000001545e-02
3.573240000000000444e-02
2.644304999999998532e-02
4.539309999999999179e-02
8.106910000000001892e-02
1.368409999999998204e-02
8.765140000000001819e-02
9.025280000000000802e-02
1.277833000000000163e-01
1.095170000000000310e-01
7.576760999999999913e-02
1.364158100000000540e-01
6.363879999999998149e-02
3.977900000000003655e-02
5.446860000000001978e-02
9.063519999999999910e-02
6.616949999999999221e-02
6.491590000000005412e-02
4.890840000000000465e-02
4.773095999999994732e-02
5.840881000000000545e-02
1.843653999999996657e-02
1.167647599999999675e-01
8.622684999999999378e-02
6.183839999999998782e-02
7.636819999999996944e-02
7.502359999999994034e-02
8.604987000000000053e-02
7.651416999999996471e-02
6.257381000000000748e-02
6.367778000000001715e-02
6.156318999999996905e-02
4.857309999999995243e-02
6.645910000000000706e-02
8.810890000000000388e-02
4.802299999999996155e-02
8.600992600000000321e-01
1.606558640000000260e+00
2.248570900000000261e+00
4.788614999999999955e-01
2.660450999999999788e-01
1.255155000000000298e-01
1.832901999999999587e-01
2.109014000000000166e-01
1.582762000000000058e-01
8.575839999999999852e-02
1.275024000000000435e-01
6.181980000000003583e-02
1.559010000000000118e-01
1.610007999999999717e-01
9.671469999999998679e-02
1.123453000000000368e-01
1.523937999999999959e-01
1.402727999999999475e-01
1.147581649999999814e-01
