FramewiseDisplacement
5.692410000000003301e-01
5.364289999999998226e-01
5.498903999999997794e-01
4.666993999999996534e-01
3.142690000000001316e-01
5.032215000000002103e-01
4.048549999999999649e-01
3.750695000000003887e-01
2.196409999999996976e-01
2.850444999999997564e-01
3.508544999999998470e-01
4.581244999999997680e-01
5.918945000000001011e-01
7.557064999999999477e-01
6.232509999999999994e-01
3.016745000000000676e-01
3.487440000000001650e-01
3.775559999999997807e-01
5.246639999999997972e-01
4.171915000000002149e-01
9.477419999999998623e-01
7.191739999999997579e-01
6.754030000000001976e-01
4.564224999999998977e-01
3.170289999999998942e-01
2.073975000000003455e-01
1.759740000000001303e-01
3.118239999999999901e-01
2.410090000000000843e-01
7.037904999999997635e-01
5.531790000000000873e-01
1.419564500000000118e+00
2.392795000000003947e-01
8.802339999999997389e-01
3.801360000000004735e-01
3.995889999999996389e-01
2.620460000000000567e-01
1.748054999999999470e-01
3.544189999999999841e-01
5.600500000000003809e-01
7.020964999999996792e-01
3.980484999999999718e-01
5.113260000000000582e-01
6.207644999999997193e-01
3.008469999999995315e-01
4.875094999999996515e-01
1.200480000000000214e+00
6.322865000000000846e-01
4.931955000000000644e-01
5.272165000000000878e-01
2.131980000000001096e-01
4.777514999999998846e-01
6.524085000000000578e-01
7.385739999999999528e-01
4.726290000000000213e-01
2.020085000000000353e-01
3.142717499999999053e-01
4.498852500000000143e-01
3.792888500000000662e-01
1.696126499999999759e-01
1.777995000000000547e-01
2.160630000000000328e-01
2.001300000000000856e-01
1.586568499999999604e-01
2.467012000000000094e-01
2.219269499999999562e-01
3.429310000000000969e-01
4.070137000000000338e-01
4.276497999999999133e-01
1.240749999999999631e-01
1.555285000000000140e-01
1.564415000000000389e-01
2.280509999999999482e-01
2.423125000000000140e-01
1.378383000000000524e-01
3.229378000000000526e-01
2.591451000000000171e-01
7.501894999999999536e-01
4.996963999999999295e-01
4.548468999999999984e-01
7.686869999999998981e-01
3.590840000000000143e-01
2.673894999999999467e-01
4.197855000000000891e-01
2.266021800000000141e-01
1.813160799999999906e-01
7.426924000000000303e-01
3.571575999999999085e-01
5.661933000000000105e-01
6.820519999999999916e-01
2.028380999999999101e-01
5.568827000000001748e-01
3.152614999999999168e-01
3.690824999999999800e-01
4.557685000000000763e-01
5.415162615000000956e-01
6.661532384999999667e-01
3.292245500000000602e-01
4.246842500000000409e-01
6.164473999999998677e-01
5.316903499999999783e-01
3.222375000000001211e-01
1.457662999999999875e-01
1.994461999999999624e-01
4.062425499999999245e-01
3.792788500000000562e-01
3.034114500000000270e-01
7.957454999999999945e-01
4.718342499999999551e-01
2.608577499999999993e-01
6.792201999999999407e-01
6.072337999999999347e-01
1.114736200000000066e+00
5.403674000000000532e-01
2.816478999999999511e-01
3.814546999999999799e-01
4.350498000000000420e-01
2.410765000000000546e-01
4.648394000000000137e-01
2.094265999999999350e-01
9.662400000000005706e-02
3.925512000000000445e-01
2.656276000000000193e-01
4.548227999999999716e-01
2.283950999999999620e-01
4.211281000000000052e-01
2.987175999999999720e-01
2.843936499999999978e-01
6.628284499999999024e-01
3.162967500000000709e-01
2.680222650000000373e-01
6.959551150000000685e-01
1.002689100000000000e+00
1.262294000000000027e+00
4.185897999999999008e-01
8.419669500000001028e-01
1.249865049999999922e+00
1.413884000000000807e-01
3.576699500000000143e-01
2.235603000000000173e-01
3.389693500000000026e-01
1.621451600000000104e-01
1.502541899999999819e-01
6.084305999999999326e-01
1.694411500000000126e-01
3.361489500000000574e-01
2.490220350000000027e-01
4.862994900000000009e-01
3.372089050000000032e-01
3.374293579349999517e-01
3.567099879349999725e-01
2.007273500000000266e-01
2.634974999999999956e-01
4.279748399999999675e-01
5.330357999999999485e-01
3.209369000000000249e-01
6.545936199999999872e-01
2.138047200000000037e-01
8.525990999999999431e-01
8.827599999999999891e-01
1.381555800000000112e+00
2.300784999999999081e-01
1.087356150000000188e+00
1.754619480000000120e+00
1.658539870000000027e+00
8.748234999999999761e-01
4.160733500000001195e-01
6.246574499999999475e-01
1.109458799999999856e+00
1.478668300000000047e+00
1.274212200000000017e+00
1.194032799999999783e+00
1.512906300000000037e+00
7.242127100000000928e-01
1.468401689999999871e+00
9.018239000000000116e-01
8.265109999999999957e-01
4.526018999999999459e-01
3.143780999999999382e-01
5.045820999999999223e-01
7.130110000000000614e-01
3.909894999999999343e-01
7.473241200000001472e-01
7.216559799999999747e-01
1.801907799999999726e+00
9.293200000000001459e-01
2.181403500000000051e+00
1.297359799999999952e+00
7.068259999999998433e-01
7.186282000000001613e-01
3.479152000000000355e-01
3.994815000000001559e-01
5.363276999999999628e-01
6.656852500000001172e-01
6.189729500000000773e-01
9.081067999999999918e-01
8.816119500000002551e-01
5.452208500000000901e-01
7.325857000000001173e-01
1.197459500000000121e+00
4.252008500000001301e-01
8.109462500000002017e-01
1.349503950000000119e+00
8.857546499999999767e-01
6.705034000000000827e-01
4.379669999999998842e-01
2.935472000000003412e-01
1.056657700000000144e+00
3.808240999999999432e-01
4.281956000000001206e-01
6.629143000000000674e-01
5.265127999999997810e-01
2.503341000000003924e-01
9.462229999999988150e-02
5.930525999999998188e-01
2.225193900000000280e+00
1.632326100000000002e+00
3.781271000000000493e-01
2.748105300000000195e+00
1.196777599999999886e+00
1.922488399999999542e+00
1.082484499999999850e+00
1.405953699999999973e+00
4.459586999999998191e-01
3.641614999999999158e-01
4.504005000000002035e-01
3.410878000000000521e-01
7.225351999999999331e-01
1.147348000000000035e+00
1.428422800000000104e+00
2.388377999999996559e-01
3.572177000000000824e-01
5.610270999999995567e-01
1.314069000000004650e-01
2.192047000000002521e-01
3.846219999999999639e-01
1.730930000000003299e-01
2.281890000000002527e-01
3.524800000000000155e-01
1.085349499999999967e+00
1.325765500000000152e+00
1.209135599999999755e+00
4.014784999999999049e-01
7.790271000000001944e-01
4.858890000000000153e-01
4.364974999999997607e-01
3.397925000000001639e-01
3.010530000000000150e-01
1.115220000000000378e-01
2.037306999999999868e-01
5.291966999999999643e-01
2.770961500000000299e+00
8.709931499999996607e-01
1.045343399999999923e+00
7.170743499999999715e-01
3.825545000000001306e-01
3.468634999999998803e-01
1.906730000000001757e-01
8.939378999999998410e-01
1.306187100000000045e+00
4.346785000000000232e-01
1.002024600000000154e+00
6.944410999999999223e-01
1.191234000000000126e+00
3.004375000000000795e-01
1.587890000000000246e+00
9.546655000000000557e-01
1.302502000000000049e+00
3.432085000000000274e-01
7.875310000000000921e-01
2.884479999999999822e-01
1.013651999999999997e+00
7.831538000000000110e-01
8.101218000000000030e-01
5.603025000000002587e-01
4.455415000000000902e-01
5.298030000000000239e-01
1.562869999999999537e-01
3.179208000000000034e+00
1.435624200000000128e+00
7.580221999999998683e-01
4.341559999999999864e-01
6.327079999999998261e-01
1.541197489999999837e+00
1.482689989999999902e+00
7.850770000000000248e-01
4.266005000000002712e-01
1.370741999999999905e+00
6.542424500000000309e-01
1.661296050000000246e+00
1.511166499999999857e+00
3.374206349999998023e-01
5.751993350000000893e-01
9.471966999999998915e-01
6.275456499999998439e-01
3.987306500000000198e-01
7.904400000000000315e-01
8.044220000000001924e-01
4.983469999999998734e-01
