FramewiseDisplacement
9.630755000000010280e-02
2.506804999999998618e-01
5.685006999999999699e-01
1.119895000000000890e-01
1.142950999999999689e-01
1.086217000000000849e-01
1.141020000000000367e-01
5.454920000000010316e-02
9.235530000000001516e-02
5.911109999999997200e-02
9.465360000000011542e-02
1.151814000000001004e-01
1.471972999999999199e-01
1.651622999999998731e-01
1.458001999999999632e-01
1.396508999999998557e-01
9.733600000000003361e-02
6.310810000000002806e-02
6.630419999999996594e-02
6.740360000000016061e-02
5.606390000000004842e-02
5.748220000000000413e-02
8.809810000000002639e-02
8.988269999999988491e-02
9.649339999999999307e-02
8.714440000000003850e-02
9.149860000000013815e-02
5.263569999999986176e-02
1.044695999999999958e-01
1.027886999999999967e-01
6.722259999999979918e-02
8.063690000000020563e-02
8.634180000000017674e-02
1.680977000000000166e-01
1.497732000000000785e-01
1.856127999999999667e-01
1.678717999999998489e-01
1.040245000000000336e-01
1.001382999999999718e-01
6.583099999999993124e-02
1.219693000000000860e-01
1.974715000000001053e-01
1.417766000000000304e-01
1.064520999999999662e-01
9.346370000000009393e-02
7.995210000000016470e-02
8.519340000000003021e-02
6.627559999999994844e-02
9.617875000000009056e-02
3.024240000000010323e-02
2.031245000000002007e-02
1.015488999999999975e-01
9.230220000000007030e-02
6.136579999999997731e-02
1.439949499999999827e-01
1.270802499999999780e-01
7.750754999999991124e-02
2.656719999999994711e-02
9.159075000000002631e-02
1.052801999999999488e-01
9.246209999999996376e-02
4.734830000000004452e-02
1.190019099999999053e-01
1.297888000000000652e-01
1.062704400000001048e-01
6.919645999999997354e-02
6.211837000000004771e-02
9.900759999999995953e-02
1.231820999999999611e-01
7.820389000000001201e-02
1.026404980000000383e-01
1.475928520000000521e-01
1.068722200000000733e-01
6.047871999999997888e-02
7.861669999999995606e-02
1.407457000000000291e-01
6.933564999999999867e-02
1.182086999999999721e-01
4.608305000000004897e-02
1.108344999999999747e-01
1.037803999999998977e-01
5.410030000000000394e-02
7.711700000000003274e-02
9.138169999999994075e-02
6.594249999999986234e-02
9.898060000000000191e-02
1.431193000000000326e-01
1.911566000000000654e-01
2.178539999999999643e-01
1.845186999999999522e-01
9.690180000000002403e-02
8.696220000000007277e-02
1.501039000000000401e-01
9.542140000000010058e-02
1.402428000000000285e-01
1.125865000000000060e-01
7.568710000000002103e-02
6.541269999999999030e-02
3.848279999999996287e-02
6.290139999999996845e-02
2.512076500000000046e-01
7.881775500000001156e-01
5.206060500000000424e-01
1.984020999999999424e-01
2.494189000000000267e-01
1.886612000000000289e-01
1.238279699999999400e-01
5.087448999999998056e-02
8.736963999999997066e-02
1.384130999999999556e-01
9.449309999999995491e-02
1.050289599999999490e-01
8.162031000000000147e-02
8.598675000000004232e-02
1.143887300000000495e-01
1.318540000000000545e-01
1.065952400000000078e-01
1.086435660000000525e-01
1.048278660000000195e-01
7.227776200000000928e-02
9.140879699999997221e-02
6.990754500000001537e-02
1.138596900000000273e-01
1.245679000000000231e-01
1.059914650000000208e-01
1.031751649999999992e-01
6.277055000000000828e-02
9.740119999999999334e-02
1.094689499999999815e-01
1.024786500000000045e-01
8.928924999999998668e-02
8.079092999999999691e-02
1.018984299999999843e-01
7.709154999999999480e-02
1.459294020000000136e-01
1.281432520000000130e-01
1.307287099999999980e-01
1.689748100000000031e-01
1.091206349999999936e-01
1.057949349999999927e-01
3.863260000000000999e-02
1.055071500000000079e-01
1.009866000000000097e-01
8.330889999999999129e-02
9.032582899999999637e-02
7.588143400000001149e-02
7.116715499999999583e-02
6.232567210000000690e-02
8.247449209999997699e-02
8.188005289999999992e-02
1.115639821000000004e-01
1.316430600000000062e-01
1.318023549999999822e-01
1.103650399999999976e-01
1.030892199999999814e-01
8.020287250000000812e-02
6.241919750000000239e-02
1.035223400000000044e-01
9.430003000000000690e-02
7.214434899999999651e-02
3.545198799999999678e-02
8.386186600000000713e-02
8.817845400000000333e-02
6.858144500000001864e-02
3.465800499999999867e-02
8.421237899999998999e-02
9.900505749999997940e-02
1.198754795000000206e-01
1.182395180000000157e-01
8.844304000000000054e-02
5.348704000000001346e-02
7.831113000000000657e-02
7.855588000000000848e-02
6.984321000000000279e-02
9.125059000000000642e-02
8.555658699999998951e-02
9.157013500000001083e-02
7.603014700000000625e-02
1.053916150000000079e-01
7.980732299999999946e-02
5.855482699999999679e-02
3.893811000000000494e-02
3.982492499999999713e-02
5.192625499999999061e-02
6.054995999999999295e-02
3.084945999999999522e-02
5.215144999999998809e-02
7.324544999999998973e-02
9.727874999999999717e-02
7.580584999999999407e-02
6.664174999999998572e-02
7.408094999999999264e-02
7.584799999999999875e-02
3.869139999999999385e-02
6.141425000000001050e-02
4.278529999999999833e-02
8.271885000000001043e-02
5.234565000000002133e-02
7.310184999999999600e-02
1.007810000000000095e-01
9.500369999999999648e-02
2.788680000000001019e-02
7.056059999999998722e-02
7.138200000000000101e-02
2.991735000000000921e-02
5.578059999999999963e-02
6.652970000000001105e-02
4.100620000000000653e-02
3.507485000000003933e-02
5.977735000000003462e-02
6.115380000000002203e-02
3.051730000000000415e-02
5.040974999999998929e-02
1.088006499999999988e-01
8.806179999999999564e-02
8.996139999999998305e-02
3.812889999999997948e-02
6.501870000000001260e-02
1.025086500000000206e-01
4.111690000000001871e-02
8.621890000000002885e-02
1.105589500000000031e-01
1.252899499999999833e-01
1.191037999999999819e-01
1.166326499999999627e-01
8.830595000000000805e-02
6.183010000000001283e-02
6.616389999999995608e-02
8.743044999999999289e-02
4.975440000000003193e-02
4.638329999999998843e-02
5.354809999999998044e-02
7.426329999999996268e-02
7.445709999999999829e-02
7.051170000000001048e-02
4.914400000000000018e-02
8.960795000000003341e-02
7.113985000000004610e-02
7.333000000000000629e-02
6.492565000000001529e-02
4.026635000000000630e-02
3.307094999999998786e-02
5.616799999999999571e-02
3.442855000000001608e-02
7.945829999999999560e-02
6.902885000000001658e-02
5.134157000000001692e-02
6.939892000000000283e-02
5.246315000000003476e-02
5.352714999999998863e-02
7.174270000000003422e-02
4.994750000000000578e-02
4.490809999999999941e-02
1.608959999999999557e-02
8.848539999999997796e-02
1.243731999999999616e-01
6.493200000000001748e-02
5.712835000000001523e-02
7.089524999999996524e-02
4.648400000000002530e-02
6.204344999999993060e-02
1.154480000000000228e-01
1.343147000000000368e-01
7.145120000000000637e-02
2.160902499999999837e-01
1.721907500000000035e-01
4.804172000000000442e-01
1.413491499999999790e-01
8.599344999999997130e-02
8.140319999999998113e-02
5.781570000000001847e-02
8.778409999999998992e-02
4.023139999999997968e-02
5.225790000000000990e-02
1.127613000000000365e-01
8.182160000000000821e-02
8.532929999999998294e-02
6.847540000000003346e-02
4.483239999999999448e-02
7.935219999999999774e-02
3.437850000000001321e-02
5.777539999999997677e-02
8.193939999999999557e-02
5.414600000000005520e-02
8.857400000000001383e-02
4.269040000000001028e-02
4.183360000000002632e-02
3.467690000000000355e-02
2.041899999999999618e-02
6.866160000000001706e-02
2.878149999999999459e-02
1.011390000000000067e-01
6.443519999999998416e-02
4.553169999999999440e-02
6.439979999999996541e-02
1.828689999999998789e-02
5.197179999999997774e-02
5.994590000000000335e-02
3.771149999999999503e-02
