FramewiseDisplacement
3.481482800000000877e-01
3.272957599999999356e-01
1.105216900000000058e-01
1.274331199999999831e-01
2.754120000000001567e-02
4.569739999999997138e-02
8.817499999999997562e-02
1.216093000000000035e-01
9.338250000000002105e-02
2.975600000000000467e-02
1.208629999999999427e-01
9.746269999999995770e-02
4.803629999999997624e-02
9.703764000000002221e-02
1.237724399999999975e-01
9.998142000000002916e-02
1.178612200000000027e-01
1.065671000000000396e-01
1.463191999999999271e-01
7.184190000000005571e-02
3.176309999999997469e-02
3.275590000000001834e-02
1.027561999999999504e-01
2.305977000000000166e-01
1.139609000000000039e-01
8.240615000000001134e-02
4.285314999999997876e-02
9.803344999999996645e-02
1.094964000000000492e-01
2.107180499999999901e-01
2.191909800000000075e-01
8.250961999999999186e-02
6.194529999999999481e-02
7.397180000000000422e-02
2.031079999999997610e-02
4.243059999999999887e-02
6.100299999999998779e-02
5.244760000000000394e-02
4.753799999999999693e-02
5.041759999999999298e-02
5.658399999999998153e-02
4.008439999999998532e-02
4.852979999999999794e-02
5.616950000000002496e-02
5.191989000000001020e-02
6.817011000000003373e-02
1.204511500000000068e-01
1.081631500000000135e-01
6.885229999999997741e-02
5.088419999999998361e-02
4.746295000000001763e-02
5.399420000000000608e-02
4.549829999999999847e-02
1.012015000000001178e-02
2.031689999999999538e-02
1.827244999999997135e-02
9.956144999999999579e-02
6.377030000000002974e-02
4.366610000000000630e-02
3.799139999999998768e-02
1.217523999999999967e-01
1.661325500000000177e-01
8.179235000000001365e-02
5.239889999999999826e-02
3.875425000000002479e-02
3.024259999999999102e-02
3.744815000000000643e-02
4.025445000000000412e-02
6.062755000000000921e-02
8.028225000000001332e-02
4.500629999999999908e-02
2.340140000000000969e-02
4.521660000000000956e-02
8.536585000000000700e-02
6.234524999999999095e-02
4.773159999999999903e-02
4.308060000000000361e-02
1.473038499999999862e-01
6.002116299999999544e-02
9.618256299999997094e-02
5.566799999999999526e-02
6.997890000000001054e-02
8.202109999999998569e-02
2.037608000000000197e-01
9.901890000000000691e-02
6.530205000000001425e-02
1.401345000000000229e-01
1.011967500000000020e-01
3.486649999999999472e-02
7.562494999999999634e-02
1.147161710000000195e-01
8.789702100000000573e-02
3.171760000000001245e-02
8.830979999999999386e-02
1.344239500000000143e-01
6.612710000000002197e-02
1.903474000000000277e-01
1.694281000000000259e-01
1.009389499999999995e-01
7.277104999999998991e-02
7.439199999999999979e-02
1.882065000000000127e-02
9.479300000000001614e-02
2.923640000000000266e-02
1.318593999999999877e-01
9.081049999999998845e-02
1.036768499999999732e-01
2.416454149999999745e-01
2.736414000000000346e-01
1.328848949999999751e-01
6.342728999999998341e-02
5.790429000000002491e-02
7.808207999999997040e-02
1.027099799999999785e-01
9.015689999999999815e-02
6.665337000000000345e-02
8.363111999999998936e-02
5.092324199999998663e-02
3.129265799999999403e-02
5.482512000000000496e-02
1.543959099999999973e-01
6.365137000000001266e-02
7.698759000000002239e-02
5.614712999999998955e-02
2.535294999999999910e-02
1.010829800000000028e-01
6.699663999999999620e-02
1.102631899999999832e-01
4.593200000000000754e-02
3.933444999999999997e-02
6.356549999999993802e-03
2.752269999999999370e-02
7.229478999999998379e-02
7.747614999999997976e-02
7.439944000000001112e-02
6.946017300000000005e-02
9.320481300000002522e-02
1.388742949999999809e-01
8.861749499999999058e-02
1.357896499999999840e-01
1.432094899999999948e-01
5.821468000000000476e-02
7.609367999999999688e-02
5.874438000000001270e-02
7.019562999999999497e-02
1.439911200000000002e-01
9.325058500000001083e-02
7.495089999999998698e-02
5.836971999999999994e-02
4.486822600000000411e-02
6.073845400000000422e-02
6.333869999999999778e-02
1.079024300000000075e-01
7.118237500000000606e-02
6.165503350000000465e-02
5.288159350000001119e-02
6.300129999999999619e-02
3.682723000000000246e-02
9.607171999999999934e-02
4.418099499999998681e-02
5.005012499999999392e-02
4.068777499999999547e-02
5.735698000000000185e-02
2.152227350000000261e-01
1.932344499999999743e-01
1.750459500000000057e-01
1.091516399999999942e-01
1.019901800000000136e-01
6.791844999999999133e-02
5.747624999999997875e-02
3.911869999999999237e-02
4.700640000000000374e-02
8.360716000000001369e-02
1.032248449999999984e+00
3.395792499999999992e-01
3.975964250000000311e-01
2.216351350000000386e-01
1.535443000000000224e-01
7.259149499999997812e-02
1.080794949999999977e-01
8.756059999999997456e-02
1.673505499999999591e-01
1.636355999999999644e-01
8.293075000000001140e-02
4.560174999999999645e-02
7.706015000000000781e-02
9.325920000000000043e-02
7.647555000000000325e-02
3.790519999999998613e-02
5.294965000000001476e-02
7.817604999999999693e-02
5.639714999999995149e-02
5.746375000000000788e-02
1.155878000000000044e-01
8.454990000000002504e-02
7.838379999999998959e-02
9.355055000000002396e-02
1.272704000000000057e-01
7.779490000000002792e-02
8.933850000000001512e-02
1.737071999999999505e-01
1.681142999999999388e-01
5.481319999999993697e-02
1.291154499999999927e-01
1.391355000000000230e-01
5.973367000000003035e-02
1.318624100000000132e-01
8.477667000000001229e-02
2.559299999999999908e-01
1.338000499999999759e-01
6.537600000000001743e-02
4.759975000000003093e-02
5.790569999999997663e-02
5.170615000000002015e-02
5.161229999999997209e-02
3.622874999999999013e-02
1.134250499999999856e-01
2.623227499999999934e-01
1.588225200000001058e-01
1.430792300000000017e-01
8.813589999999996150e-02
4.090459000000000456e-02
1.239325900000000369e-01
1.013797099999999424e-01
9.870860000000010459e-02
1.280166900000000163e-01
5.749386000000004937e-02
9.498402000000000234e-02
6.689207999999997878e-02
3.930725000000001579e-02
7.767873000000000139e-02
3.721065699999999699e-01
1.696171000000000206e-01
3.287103500000000400e-01
2.968416000000002192e-02
1.802563700000000269e-01
8.257324000000003383e-02
3.881921999999995987e-02
7.025394000000008410e-02
6.291204000000005792e-02
1.158780000000001614e-02
6.364743800000001450e-02
2.384290600000004909e-02
3.112049499999996680e-02
6.819150100000000159e-02
7.177635000000001653e-02
6.696999999999994624e-02
5.773715000000000791e-02
4.858049999999998481e-02
3.134484999999995192e-02
9.908390000000000253e-02
1.230575500000001127e-01
1.165297999999999057e-01
1.247605499999999840e-01
7.036301999999999834e-01
2.524315000000000864e-01
2.571883999999998172e-01
2.365157999999999705e-01
1.414423999999997739e-01
1.634868000000000432e-01
2.566970999999999004e-01
1.667328000000000143e-01
1.222985900000000820e-01
1.404151100000000374e-01
8.015799999999988212e-02
1.120771999999998630e-01
3.628771999999998998e-01
4.034161000000000552e-01
1.148760700000000190e+00
3.514393500000000392e-01
1.479876300000000089e-01
1.407126900000001124e-01
1.668284099999997605e-01
1.457090000000001995e-01
1.398232000000000086e-01
1.093571099999997992e-01
1.521471400000000140e-01
9.428189999999979365e-02
1.184496500000000174e-01
5.481889999999985108e-02
7.597580000000002387e-02
1.443912999999999724e-01
1.725081500000001100e-01
9.013349999999982487e-02
1.397187699999998811e-01
1.077524700000000446e-01
1.398160500000001083e-01
5.451960000000002915e-02
1.032757999999999593e-01
9.946169999999998623e-02
1.686202999999999175e-01
1.102991499999999847e-01
1.036941499999999849e-01
1.260131500000002125e-01
9.684400000000004116e-02
5.886860000000000703e-02
8.713365000000017346e-02
6.951385000000000203e-02
1.149925499999999295e-01
