FramewiseDisplacement
4.333224999999999438e-01
2.078617999999999577e-01
1.050585999999999465e-01
1.131800999999999918e-01
8.357250000000002177e-02
5.138215000000002225e-02
3.241550000000001375e-02
7.873795000000002875e-02
1.438225000000000198e-01
1.223608999999999947e-01
9.772649999999999393e-02
3.933270000000000516e-02
8.780979999999996566e-02
2.725210000000002214e-02
3.947169999999999151e-02
6.215299999999999991e-02
7.047369999999998635e-02
7.459520000000001427e-02
9.534499999999998532e-02
2.048099999999998880e-02
2.595810000000002560e-02
6.309510000000000118e-02
1.195030000000001612e-02
2.712499999999998246e-02
2.256639999999998300e-02
6.706200000000002437e-02
1.957890000000003100e-02
5.155954999999998178e-02
2.850985000000000325e-02
4.177619999999999251e-02
3.511059999999996406e-02
5.923930000000002249e-02
4.341085000000000083e-02
6.412010000000001320e-02
5.643009999999998999e-02
1.015666499999999944e-01
3.469020000000000437e-02
4.343772999999997997e-02
5.488952999999999194e-02
4.465739999999998600e-02
4.081594999999998974e-02
9.485235000000000194e-02
3.468182999999999683e-02
6.685173999999999284e-02
9.002309999999999479e-02
6.344943000000001498e-02
2.943884999999999211e-02
5.195614999999999262e-02
8.631165999999998450e-02
3.954371000000000969e-02
6.449099999999996502e-02
5.228030000000000177e-02
5.574579999999998425e-02
3.509631000000001944e-02
5.826286999999999439e-02
6.586522000000000210e-02
4.747597999999998708e-02
3.094817999999997793e-02
2.343724000000000154e-02
1.477043999999997151e-02
2.057099999999978824e-03
2.004887999999999809e-02
2.023581999999999465e-02
8.417075999999999725e-02
1.046653999999999918e-01
4.497375000000000678e-02
4.009886500000000437e-02
5.243076500000000417e-02
6.934750000000000636e-02
4.598019999999999885e-02
5.823602999999999419e-02
5.141982000000002578e-02
7.743736000000002451e-02
4.026699999999999030e-02
6.395800000000000096e-02
5.104710000000001885e-02
8.876100000000003432e-02
8.415250000000000508e-02
6.649639999999998330e-02
5.841099999999999071e-02
6.397709999999998121e-02
4.401789999999998482e-02
1.276964999999999906e-01
6.659450000000001479e-02
5.215594999999998566e-02
7.668980000000000241e-02
4.140795000000001280e-02
3.224534999999999901e-02
6.146745000000000680e-02
4.050559999999998884e-02
5.816789999999999461e-02
4.388629999999998921e-02
2.685020000000001503e-02
6.550928500000000043e-02
7.534420000000000006e-02
8.171823500000001406e-02
5.505563500000000554e-02
5.357455000000000550e-02
6.565558499999998854e-02
3.793530000000000513e-02
9.875800000000000550e-03
4.772399999999999559e-02
8.296904999999998864e-02
5.992493499999999862e-02
3.386784999999999102e-02
3.450104999999999839e-02
5.402135000000000270e-02
4.327157999999999699e-02
3.424167000000000183e-02
5.841079999999999189e-02
3.963239999999999819e-02
1.572220000000000215e-02
7.499287500000001438e-02
1.015187400000000101e-01
2.506399999999999947e-02
9.194079999999998920e-02
4.929329999999999823e-02
8.723808999999999036e-02
2.090776999999999913e-02
6.232363999999999959e-02
4.976537000000000321e-02
5.400706000000000256e-02
5.448658000000000667e-02
6.324480000000000379e-02
4.326413499999999523e-02
1.100291849999999877e-01
1.585673800000000078e-01
6.880672999999999651e-02
4.640564999999999968e-02
4.252780500000000186e-02
3.617030500000000676e-02
2.455392000000001032e-02
4.152364000000000055e-02
2.871575999999999296e-02
2.117035000000000444e-02
3.254556000000000116e-02
2.038916999999999813e-02
5.838132000000000044e-02
1.032162199999999974e-01
8.943386999999999865e-02
5.090754000000000112e-02
4.747486000000000067e-02
4.336269999999999708e-02
3.536152500000000476e-02
3.537085499999999966e-02
5.948287799999999598e-02
1.863105199999999864e-02
5.382206999999999963e-02
7.334533149999999946e-02
3.022561199999999892e-02
2.883352700000000463e-02
1.991107450000000056e-02
4.058936199999999689e-02
3.262038500000000174e-02
4.523640499999999343e-02
5.788535799999999787e-02
5.275798450000000750e-02
4.611590649999999791e-02
4.579219000000000345e-02
1.582396000000000150e-02
5.980350500000000680e-02
5.714966500000000227e-02
6.351588999999999152e-02
4.157225000000000503e-02
6.856099000000000221e-02
4.424319999999999642e-02
2.777945000000000067e-02
4.538650999999999797e-02
5.054961000000000176e-02
6.691344999999999932e-02
3.922219999999999873e-02
9.988375000000000725e-02
1.393358000000000096e-01
1.258273800000000164e-01
4.990349000000000174e-02
7.714695000000000580e-02
5.318198999999999843e-02
4.050277500000000475e-02
4.695336999999999428e-02
4.289938999999999558e-02
5.010686000000000306e-02
5.470710499999997811e-02
6.200719999999999843e-02
3.410352999999999996e-02
4.074317999999998302e-02
6.499840000000001172e-02
4.388269999999998977e-02
4.525811000000001805e-02
7.347432000000000962e-02
6.385230999999999546e-02
5.710990000000001204e-02
5.054915000000000103e-02
4.682764999999999150e-02
1.448127899999999690e-01
1.635882550000000157e-01
9.015275500000000108e-02
7.278623999999998817e-02
6.216639999999999666e-02
9.383834999999998705e-02
5.002794999999998771e-02
5.264741100000000507e-02
2.907929999999999196e-02
5.485161099999997375e-02
4.035674999999998985e-02
2.506495000000002332e-02
4.421310000000001905e-02
3.396494999999997988e-02
4.555077999999999211e-02
6.888848000000000193e-02
8.429675000000001750e-02
5.740134500000001333e-02
4.537818000000000407e-02
5.294676000000001631e-02
5.030571500000000085e-02
3.281140000000001139e-02
1.490769999999998728e-02
4.890329999999996208e-02
5.089779999999998611e-02
3.863830000000003512e-02
4.699335499999998667e-02
4.834643500000002092e-02
2.569388999999999354e-02
7.929545000000001731e-02
7.548135000000001649e-02
3.726150000000001683e-02
2.842106999999999273e-02
3.239618000000000358e-02
7.335924999999998697e-02
8.455209999999997728e-02
7.375320000000001874e-02
1.008103999999999945e-01
4.352305000000003532e-02
3.951504999999999601e-02
3.049299999999997499e-02
4.919585000000004094e-02
5.460930000000001339e-02
7.435544999999998961e-02
7.000150000000006367e-02
5.406210000000002264e-02
4.365249999999993441e-02
5.264839999999997022e-02
1.648260000000003125e-02
4.299929999999998337e-02
2.020290000000001321e-02
2.730680000000001995e-02
6.956889999999997520e-02
8.656500000000003081e-02
1.415575999999999501e-01
1.071868500000000002e-01
8.724910000000005161e-02
5.119390000000001439e-02
4.487994999999996709e-02
6.897344999999999171e-02
4.666905000000001746e-02
4.960615000000000857e-02
1.180891999999999636e-01
8.564884999999999859e-02
3.827345000000001440e-02
3.541130000000006911e-02
6.161520000000000191e-02
2.783279999999998394e-02
6.824780000000001123e-02
3.965835000000003663e-02
9.097786000000004925e-02
5.490601000000000509e-02
2.501919999999997757e-02
3.131869999999999099e-02
4.747599999999996268e-02
4.952095000000000802e-02
3.273500000000000021e-02
5.217714999999997078e-02
4.745209999999994155e-02
3.676574999999999288e-02
5.617385000000003209e-02
5.296160000000003226e-02
4.227279999999999927e-02
5.763029999999999542e-02
7.945350000000002411e-02
1.118204999999999338e-01
2.391755000000001657e-02
5.354590000000000738e-02
4.619714999999999239e-02
4.036009999999996822e-02
5.857709999999997919e-02
3.693615000000000786e-02
4.931740000000003205e-02
6.555694999999994721e-02
5.414119999999997268e-02
4.388210000000004191e-02
7.513374999999994364e-02
2.547365000000004903e-02
1.788929999999998299e-02
6.020960000000004364e-02
3.457175000000002607e-02
3.897475000000002326e-02
4.618774999999998576e-02
4.294074999999997200e-02
3.152049999999997909e-02
6.174369999999997083e-02
