FramewiseDisplacement
5.015830249999999602e-01
4.660706999999999489e-01
1.767072999999999838e-01
1.282309699999999997e-01
2.591738899999999624e-01
2.938073900000000016e-01
2.806661000000000294e-01
2.390409999999999757e-01
1.917538999999999771e-01
2.295725999999999600e-01
2.137880000000000058e-01
1.724588999999999706e-01
1.409236999999999573e-01
1.236179000000000028e-01
5.199489999999998280e-02
1.319113000000000091e-01
1.338804000000000383e-01
1.777830999999999717e-01
1.802717999999999543e-01
7.091980000000003281e-02
1.720250999999999864e-01
1.367295000000000038e-01
7.913190000000003277e-02
2.035888000000000142e-01
1.269268000000000063e-01
1.060677050000000232e+00
9.805436499999999889e-01
3.727241499999999763e-01
4.743119000000000640e-01
1.860140500000000141e-01
1.679888000000000214e-01
6.564259999999996764e-02
1.375763999999999876e-01
9.528692199999999612e-02
1.167634480000000058e-01
9.622138000000006464e-02
2.016888199999999354e-01
2.361516200000000065e-01
3.423568000000000167e-01
2.691353499999999399e-01
1.165397499999999836e-01
1.580264000000000113e-01
1.129690000000000139e-01
7.788335000000000397e-02
8.231230000000000491e-02
1.789755500000000110e-01
1.800686499999999968e-01
3.749684499999999532e-01
1.599674999999999847e-01
8.896850000000000591e-02
9.840800000000000936e-02
6.706281999999999521e-02
7.951031000000000071e-02
1.534810300000000183e-01
1.023052600000000228e-01
5.705151200000000422e-01
6.926697700000000735e-01
1.915271100000000282e-01
1.399176100000000256e-01
7.265990000000002724e-02
8.092540000000000844e-02
1.131330499999999850e-01
3.323354500000000322e-01
3.252633999999999803e-01
3.708782999999999941e-01
3.424773999999999874e-01
1.762060100000000240e-01
1.133623199999999748e-01
1.071442200000000122e-01
6.227193999999999091e-02
6.660114999999998397e-02
2.218174500000000271e-01
2.031957500000000638e-01
1.575882200000000011e-01
9.368711999999998485e-02
3.193159000000000969e-02
1.113119100000000278e-01
1.350176999999999905e-01
2.158998500000000043e-01
4.400804999999999856e-01
4.067139410000000233e-01
8.427866999999999997e-02
8.474132900000000412e-02
6.826764499999998792e-02
8.123239000000000154e-02
7.876790499999999917e-02
6.128755500000000050e-02
1.554138669999999833e-01
1.582262820000000236e-01
1.177652500000000019e-01
7.616027000000001601e-02
8.927796999999998429e-02
7.499245999999999690e-02
1.388839649999999704e-01
4.155896549999999467e-01
2.587778499999999759e-01
8.841576999999998243e-01
2.497291199999999711e-01
1.204277199999999881e-01
2.103819699999999737e-01
1.171271199999999874e-01
9.148795000000001232e-02
3.830086999999999797e-01
3.965404000000000706e-01
9.895480000000000942e-02
7.763203999999998550e-02
6.279942709999998540e-02
3.046502128999999948e-01
4.304632499999999640e-01
1.687219500000000372e-01
1.204377199999999981e-01
2.177036699999999880e-01
2.033862999999999643e-01
3.058773000000000186e-01
3.036194999999999866e-01
2.515795000000000115e-01
2.102670500000000109e-01
1.317463500000000121e-01
1.370765499999999915e-01
2.809384999999999799e-01
3.097899000000000069e-01
2.083630000000000204e-01
1.145460000000000089e-01
7.792997000000000118e-02
7.354966999999999755e-02
7.258743999999998919e-02
6.397204000000000779e-02
5.686925000000000313e-02
2.990499000000000351e-01
5.691565000000000651e-01
4.743268700000000115e-01
2.210483199999999926e-01
1.676961600000000108e-01
1.396220899999999765e-01
4.173610000000000514e-02
1.919057000000000401e-01
2.005950499999999970e-01
9.056575000000000042e-02
1.135847999999999997e-01
1.360378999999999894e-01
1.971833500000000350e-01
1.889364499999999780e-01
1.351910500000000070e-01
2.897465000000000179e-01
1.462257999999999891e-01
6.957902500000000545e-01
4.268830799999999148e-01
2.161006249999999906e-01
8.683473999999999360e-02
1.366375800000000085e-01
2.890309809999999646e-01
3.837383390000000394e-01
1.096839450000000049e-01
8.279893499999999018e-02
3.311006999999999839e-02
6.470688499999999177e-02
5.967995999999999718e-02
3.142763299999999926e-01
4.963976999999999418e-01
2.266460150000000062e-01
1.502073049999999854e-01
1.250653799999999760e-01
6.139776999999999735e-02
7.992277999999998495e-02
8.783730000000000704e-02
8.740410000000001234e-02
6.447833000000000037e-02
8.537211000000000105e-02
1.066502339999999965e-01
1.594629610000000142e-01
1.360028499999999807e-01
6.681294999999999595e-02
1.846439549999999985e-01
2.285438349999999730e-01
8.850012740000000322e-02
1.819628075999999983e-01
1.808831700000000098e-01
7.649072499999999553e-02
6.397218000000000349e-02
9.053751499999999897e-02
1.218409149999999941e-01
1.521095249999999954e-01
1.499908050000000048e-01
1.615189700000000395e-01
1.286363650000000025e-01
8.988546000000000036e-02
9.241912000000000738e-02
1.123510749999999947e-01
4.524114999999999387e-02
4.051931049999999979e-01
3.380404400000000531e-01
7.172834999999999628e-02
1.187076000000000103e-01
8.939819999999999711e-02
9.928035000000001720e-02
1.406474399999999847e-01
1.808630100000000185e-01
1.733779500000000029e-01
1.310701649999999885e-01
8.221048999999998330e-02
1.134891249999999685e-01
2.105753850000000038e-01
1.955134850000000146e-01
3.066737099999999883e-01
4.771441900000000236e-01
1.558177499999999771e-01
7.122451000000001864e-02
1.113710900000000198e-01
2.133870480000000236e-01
1.804049179999999974e-01
1.284429199999999882e-01
1.209306630000000216e-01
1.074754630000000211e-01
6.029350000000002069e-02
1.792762499999999981e-01
1.972156499999999923e-01
4.241550000000000181e-02
7.922755000000000769e-02
1.303624999999999923e-01
2.007961999999999803e-01
1.457420999999999855e-01
6.554675290000001875e-02
1.237494529000000010e-01
9.227121999999998714e-02
8.614896999999999139e-02
2.735630000000000006e-02
1.043380000000000141e-01
1.227187499999999876e-01
8.700014999999998444e-02
8.262215999999997229e-02
2.069259349999999775e-01
1.120213750000000064e-01
8.961574000000001317e-02
1.458319899999999947e-01
6.257521499999998960e-02
1.009049150000000117e-01
8.034249999999998337e-02
8.023021999999999654e-01
8.062453499999999718e-01
4.386044500000000346e-01
4.476516500000000676e-01
1.457235999999999809e-01
1.186860500000000013e-01
1.572369000000000128e-01
4.090751000000000248e-01
3.900668999999999942e-01
1.526937700000000064e-01
1.965331599999999845e-01
2.588479100000000144e-01
2.268287749999999825e-01
1.449773950000000367e-01
1.753207500000000252e-01
1.604649000000000214e-01
1.796047999999999811e-01
2.092555999999999861e-01
3.683343000000000034e-01
2.575691499999999690e-01
2.983211100000000005e-01
3.130584700000000331e-01
2.156032700000000135e-01
3.257719600000000271e-01
1.519819500000000045e-01
9.581344999999998058e-02
2.593302499999999844e-01
6.081045499999999659e-01
2.585817499999999991e-01
1.968181000000000236e-01
1.195849500000000093e-01
8.136597000000000968e-02
8.265381999999998897e-02
2.564465499999999398e-01
7.218555000000001498e-02
2.769805499999999920e-01
9.959785000000000166e-02
1.254645000000000066e-01
1.841096599999999806e-01
2.233373600000000125e-01
1.862359800000000232e-01
2.205195799999999651e-01
2.399096499999999743e-01
2.086410399999999443e-01
1.544011400000000478e-01
5.126451200000000652e-01
4.328264200000000450e-01
5.180471149999998914e-01
5.270274000000000347e-01
1.416607150000000204e-01
5.441083000000002112e-02
2.552823800000000309e-01
9.165005000000003843e-02
1.963542500000000079e-01
1.841391999999999751e-01
1.737865499999999841e-01
4.112269499999999800e-01
3.831216500000000913e-01
1.265275000000000150e-01
8.661350000000003768e-02
1.311321000000000292e-01
1.804421300000000061e-01
