FramewiseDisplacement
6.769200000000001882e-01
2.391660000000000175e-01
3.623889999999997391e-01
4.936000000000002608e-01
6.349029999999999951e-01
3.081249999999999822e-01
1.638169999999997684e-01
2.676810000000003353e-01
1.848239999999999883e-01
1.762709999999999000e-01
1.498670000000000280e-01
1.171740000000000420e-01
9.844300000000000272e-02
2.154420000000000779e-01
1.233069999999998057e-01
7.727400000000016200e-02
6.360200000000008902e-02
3.164199999999960794e-02
1.662030000000000451e-01
3.152829999999999244e-01
2.506679999999998909e-01
1.010460000000000663e-01
1.660910000000003217e-01
2.485239999999995508e-01
1.506840000000002067e-01
1.110599999999999643e-01
1.888490000000002111e-01
9.599800000000002775e-02
4.620879999999997767e-01
5.451789999999997471e-01
7.100989999999999247e-01
9.998570000000004399e-01
4.298539999999999028e-01
3.614900000000002001e-01
4.280179999999999541e-01
3.651760000000002226e-01
3.912750000000000394e-01
1.811694999999998723e-01
2.725390000000000867e-01
1.090445000000000719e-01
1.748359999999998804e-01
1.413610000000002920e-01
4.501804999999998724e-01
7.451480000000001436e-01
3.802124999999997867e-01
1.845654999999996881e-01
1.558170000000000666e-01
1.458979999999999722e-01
1.498624999999998153e-01
1.492290000000001116e-01
4.921949999999997161e-02
1.652725000000000999e-01
2.690394999999999870e-01
1.031365000000000337e-01
7.147150000000010439e-02
1.735919999999999963e-01
1.853369999999999462e-01
1.724559999999999982e-01
2.664794999999999803e-01
7.980450000000002819e-02
8.207600000000001006e-02
2.097460999999999631e-01
3.459663000000001154e-01
1.168357999999999480e-01
8.634840000000006122e-02
2.929768000000001482e-01
3.231468000000000118e-01
6.226325000000000609e-02
9.746080000000013899e-02
4.368419999999990921e-02
2.188321000000000294e-01
1.094604000000000688e-01
1.149522335000000700e-01
2.449534834999999577e-01
1.758540999999999854e-01
3.723986999999999714e-01
8.545432999999996726e-02
1.026952900000001057e-01
1.361686399999999797e-01
1.951116999999999990e-01
6.230250000000008004e-02
1.012108999999999925e-01
2.291623799999999433e-01
2.252123800000000453e-01
5.511219999999993069e-02
1.122819999999998958e-01
3.504610500000000517e-01
4.049002500000001281e-01
7.135099999999995612e-02
1.233930000000000027e-01
9.690199999999996039e-02
9.736729999999998997e-02
2.074289999999998912e-01
9.756499999999999895e-02
1.380156999999999634e-01
1.864689999999999404e-01
1.229570000000000662e-01
7.468099999999999739e-02
1.008425000000000016e-01
6.267800000000009475e-02
5.580199999999992111e-02
1.492014999999999869e-01
1.108110000000000345e-01
1.472284999999999566e-01
3.072295000000000442e-01
6.126549999999990337e-02
1.034428999999999488e-01
2.967752999999999086e-01
4.197167000000000536e-01
2.225021000000000360e-01
1.561159999999999770e-01
1.577845000000000497e-01
8.706750000000011702e-02
5.012046999999999475e-01
6.644826999999998707e-01
2.399519999999999431e-01
1.900949999999999862e-01
2.345430000000000570e-01
1.024380000000000429e-01
1.551109999999999989e-01
1.867635000000000267e-01
5.302649999999993480e-02
4.362900000000000805e-02
4.275999999999992307e-02
8.403849999999993270e-02
2.032334999999999836e-01
1.561790999999999929e+00
1.309174000000000060e+00
1.242333000000000132e+00
9.462785000000000224e-01
1.683360000000001244e-01
3.212045000000000039e-01
5.355899999999998995e-01
4.426274999999999515e-01
1.807549999999999435e-01
1.498604999999999798e-01
2.145580000000000820e-01
2.232735000000000136e-01
1.124114999999999975e-01
1.097375000000000711e-01
2.091035000000000810e-01
3.540900000000000158e-01
5.225764000000000520e-01
1.589870999999999923e-01
1.613642000000000132e-01
6.673319999999999252e-02
1.378416999999999837e-01
2.196680000000000021e-01
2.167931499999999900e-01
8.141520999999998787e-02
1.050116600000000067e-01
1.842124299999999826e-01
3.767149349999999175e-01
2.265260849999999881e-01
2.142973999999999990e-01
9.219874999999999599e-02
6.034170000000002587e-02
7.402241000000001070e-02
5.279095000000001009e-02
1.300269900000000090e-01
1.175498999999999850e-01
7.987734999999998586e-02
1.803654800000000780e-01
2.602219300000000457e-01
2.283840399999999271e-01
2.158989000000000047e-01
3.235448599999999342e-01
2.468419000000000030e-01
2.570959000000000438e-01
9.409350000000002434e-02
1.361536999999999886e-01
1.419997999999999538e-01
6.272570000000002310e-02
1.471296000000000270e-01
2.297748000000000290e-01
1.912336000000000313e-01
3.151918999999999693e-01
5.488229000000000024e-01
9.549740000000007945e-02
8.763470000000002369e-02
1.490877999999999926e-01
1.498462999999999878e-01
2.255235999999999907e-01
1.163118999999999820e-01
6.883610000000003892e-02
1.278700000000001225e-01
2.548346000000000222e-01
1.397908999999999957e-01
1.383055000000001089e-01
1.340081000000000189e-01
1.845346550000001029e-01
1.623360449999998734e-01
1.891683649999998384e-01
1.988671500000002146e-01
8.625834499999997240e-02
1.562226900000000529e-01
8.285579999999978518e-02
1.849293599999999316e-01
1.554691400000000334e-01
3.146374550000000103e-01
2.251547050000000105e-01
2.330159500000001105e-01
7.657395000000000174e-02
7.930665000000003406e-02
1.025943499999998898e-01
9.434284999999992261e-02
1.504726500000000411e-01
2.886108000000000562e-01
4.981550899999999116e-01
2.947869300000001691e-01
3.724940099999999310e-01
1.400488499999999192e-01
1.541109499999999688e-01
4.985155000000000836e-02
1.344936999999999938e-01
1.040435000000000249e-01
8.712049999999996186e-02
1.580385000000000817e-01
2.524419999999999442e-01
1.229519999999998947e-01
7.322049999999999392e-02
1.639235000000001385e-01
5.550049999999996653e-02
2.881464999999998611e-01
1.560074999999998824e-01
1.225924999999999931e-01
2.130705000000002181e-01
2.847119499999997694e-01
2.275802500000000395e-01
2.052543500000000576e-01
8.529589999999985517e-02
9.076725000000010479e-02
2.422455999999999776e-01
1.465185999999999156e-01
1.238310000000000521e-01
1.599160000000000026e-01
1.685325000000000295e-01
2.937860000000000471e-01
4.711450000000002442e-02
1.474725000000000896e-01
4.209744999999999737e-01
1.312290000000000956e-01
1.702989999999999227e-01
2.133576999999998447e-01
3.641230999999998663e-01
5.618586000000000968e-01
4.977053500000000463e-01
4.033957499999999974e-01
2.246402000000000954e-01
4.491983499999999685e-01
1.404181899999999983e+00
2.487853050000000010e+00
8.707440000000000735e-01
2.146714999999999596e-01
3.716804999999998582e-01
2.932888000000000162e-01
2.702874999999999583e-01
2.304553000000000573e-01
1.948839200000000438e-01
2.196703800000000539e-01
1.254636000000000362e-01
4.733949999999997882e-02
9.946980000000005262e-02
1.171940999999998428e-01
1.614449000000000856e-01
5.000650000000002315e-02
2.343976500000000407e-01
1.459686000000000872e-01
1.497531999999998087e-01
1.247265500000000332e-01
3.136693000000000398e-01
1.035351000000000465e-01
1.679757999999999252e-01
1.368885999999999159e-01
1.021448300000001030e-01
8.876583000000008716e-02
6.378136500000002040e-02
1.176065649999999130e-01
5.279929999999992407e-02
1.280050000000000077e-01
1.403720299999999810e-01
3.003720300000000121e-01
1.213036999999999449e-01
1.392809499999998202e-01
5.424549500000001023e-01
3.154681999999998654e-01
4.893336499999999534e-01
1.005593600000001808e-01
1.391073099999999563e-01
6.890205000000017288e-02
7.013154000000011712e-02
7.026539000000006641e-02
7.129909999999996251e-02
7.344009999999998040e-02
1.010587399999998692e-01
1.835681599999998692e-01
1.802767999999999315e-01
1.496532000000001528e-01
1.770716000000002177e-01
