FramewiseDisplacement
8.684988000000000152e-01
3.922737999999999503e-01
7.021408999999998457e-01
3.580205000000000748e-01
5.659800000000000386e-01
3.871205000000000895e-01
2.106339999999999879e-01
4.580279999999999907e-01
7.209335000000000049e-01
4.926594999999999724e-01
2.953489999999999727e-01
2.224580000000000168e-01
2.442560000000000564e-01
2.365149999999999753e-01
6.693250000000000588e-01
2.758170000000000899e-01
2.151454999999999618e-01
1.991884999999999906e-01
9.623649999999997484e-02
2.408205000000000207e-01
2.472900000000000098e-01
1.391259999999999164e-01
2.387594999999999856e-01
3.311440000000000494e-01
1.732190000000001229e-01
5.482095000000000162e-01
4.077334999999999710e-01
2.140330000000000010e-01
3.336586999999999748e-01
9.452969999999999429e-02
9.647399999999996256e-02
1.150527000000000077e-01
1.848944899999999669e-01
2.314679900000000679e-01
2.385202999999999351e-01
1.378229000000000259e-01
1.620174000000001169e-01
3.296483999999999526e-01
3.812621999999999400e-01
2.242030999999999885e-01
3.917198999999999542e-01
2.561842699999999362e-01
2.287253300000000045e-01
1.482927999999999469e-01
1.436999399999999982e-01
2.561382399999999615e-01
4.718611999999999806e-01
2.323600999999999583e-01
1.227845999999999937e-01
1.100450000000000039e-01
1.215214999999999768e-01
2.320068999999999604e-01
1.595968999999999860e-01
1.883312000000000042e-01
1.225689999999999974e-01
1.569929000000000185e-01
2.951068999999998943e-01
3.694088999999999845e-01
2.788700600000000307e-01
1.791869400000000168e-01
1.273962000000000150e-01
3.736454300000000561e-01
3.085141800000000267e-01
1.866459000000000035e-01
2.271371150000000005e-01
3.057522149999999939e-01
1.718867500000000048e-01
3.283612999999999671e-01
2.269832000000000516e-01
2.755353499999999567e-01
2.310343500000000272e-01
4.754304500000000600e-01
2.562695000000000389e-01
1.924650800000000106e-01
2.680367700000000353e-01
1.281614499999999823e-01
6.482267500000002403e-02
9.943257500000002302e-02
1.678146500000000096e-01
1.667504699999999840e-01
2.064672200000000069e-01
1.950942799999999810e-01
1.174000600000000283e-01
1.162759100000000101e-01
1.281598999999999933e-01
3.547089999999998577e-02
1.756634999999999724e-01
2.204558999999999824e-01
1.849718499999999932e-01
1.784873499999999891e-01
3.284736000000000322e-01
3.613003000000000742e-01
2.075581999999999983e-01
2.038415999999999839e-01
2.144336000000000020e-01
2.737242000000000841e-01
2.839679999999999982e-01
1.622338000000000391e-01
2.547201999999999522e-01
3.204651500000000874e-01
4.495014500000000801e-01
2.175129000000000090e-01
2.113680999999999477e-01
3.785388850000000471e-01
4.485723849999999624e-01
4.419676999999999634e-01
4.880062000000000011e-01
1.719707999999999792e-01
1.551875500000000074e-01
2.413161999999999807e-01
5.839604999999999102e-02
1.381303100000000061e-01
1.505267000000000133e-01
1.596124099999999824e-01
1.447225000000000039e-01
1.321702499999999891e-01
1.290625500000000259e-01
3.641051000000000704e-01
2.942895000000000372e-01
2.472281999999999813e-01
2.116569349999999905e-01
3.925912650000000226e-01
2.914556799999999948e-01
1.652476050000000196e-01
2.252773550000000125e-01
2.563770500000000507e-01
2.236625500000000155e-01
1.138001499999999888e-01
1.594853500000000257e-01
2.104854499999999629e-01
1.383531500000000358e-01
1.879997500000000210e-01
3.393971799999999650e-01
3.004979799999999424e-01
2.880561500000000108e-01
2.209312889999999752e-01
3.304133889999999463e-01
3.472448100000000148e-01
4.796970600000000085e-01
2.815127000000000046e-01
2.033866000000000007e-01
1.343407500000000088e-01
2.014021500000000020e-01
3.815526300000000037e-01
2.608203000000000049e-01
2.459179200000000121e-01
2.060130350000000110e-01
1.793798500000000073e-01
2.033591650000000084e-01
2.336109810000000231e-01
2.930061210000000083e-01
2.580042549999999602e-01
7.904460499999999001e-02
1.350564600000000171e-01
7.408114999999999839e-02
1.099656999999999996e-01
1.349291499999999977e-01
1.711053599999999841e-01
4.959122599999999936e-01
4.727356000000000336e-01
4.225119999999999987e-01
1.886233999999999689e-01
1.421543000000000112e-01
1.640396000000000076e-01
2.252334000000000003e-01
3.368973000000000662e-01
2.258147999999999822e-01
2.624055000000000137e-01
2.978266999999999998e-01
1.890590800000000182e-01
1.804544200000000320e-01
1.712673000000000112e-01
1.512948600000000310e-01
1.505884399999999901e-01
3.989000000000000323e-01
3.755854000000000692e-01
2.413622000000000545e-01
2.199280999999999597e-01
1.900868000000000835e-01
2.306964900000000873e-01
3.063809900000000752e-01
2.990790000000000393e-01
3.103037999999999075e-01
3.152681000000000511e-01
2.112248999999998544e-01
1.702240999999999616e-01
1.768161999999999789e-01
1.885043999999999886e-01
3.046969999999999956e-01
2.646590000000000331e-01
2.270829999999999516e-01
2.475919999999999233e-01
4.738398999999998695e-01
4.189798999999998497e-01
2.816549000000000413e-01
3.514758999999999523e-01
2.451359999999999095e-01
1.924870000000000470e-01
1.729025000000001255e-01
1.991874000000000700e-01
5.479939999999999811e-01
7.033538999999999763e-01
5.318611999999998119e-01
3.348871999999998295e-01
2.272139999999999438e-01
3.790687999999999835e-01
2.726863000000001036e-01
2.105939999999999479e-01
4.435042999999999624e-01
3.112332999999999350e-01
1.533574999999999522e-01
3.709804999999998798e-01
2.690109999999999446e-01
4.029819999999999514e-01
5.533775000000000777e-01
4.620660000000003098e-01
2.317164999999999919e-01
1.333204999999998419e-01
4.441239999999999633e-01
4.480590999999999324e-01
2.317670999999999204e-01
2.420394999999999630e-01
2.888789999999998859e-01
6.856879999999999642e-01
9.030398599999999165e-01
5.696813599999998035e-01
9.316778000000000004e-01
5.986472999999999933e-01
6.587002999999997943e-01
4.137248000000000037e-01
3.108840000000000492e-01
3.753619999999999735e-01
3.313754999999998785e-01
5.360439999999998539e-01
3.001619999999997623e-01
1.966510000000002423e-01
1.614795000000000258e-01
2.215305000000001301e-01
3.461195000000000799e-01
3.572934999999999306e-01
1.298540000000000805e-01
1.170565000000000355e-01
5.204410000000001535e-01
1.686754999999999782e-01
2.077404999999999946e-01
4.663629999999998610e-01
1.570205000000000906e-01
1.396555000000002100e-01
1.717335000000001777e-01
2.215829999999998634e-01
3.693145000000000455e-01
1.780545000000000044e-01
4.767709999999999448e-01
1.004781000000000146e+00
7.168536999999999271e-01
8.230304000000001619e-01
1.023692260000000021e+00
7.476486099999999357e-01
9.620484000000001368e-01
9.305079500000001946e-01
5.682160000000000544e-01
3.779170000000001139e-01
2.500434999999999186e-01
5.636070000000000801e-01
7.421335000000001125e-01
7.334030000000000271e-01
7.340349999999998820e-01
5.330734999999998669e-01
3.898434999999996209e-01
1.668275000000001562e-01
1.890105000000000812e-01
4.858875000000000832e-01
1.014501000000000319e+00
6.198600000000000776e-01
6.652869999999999617e-01
7.791694999999999593e-01
5.886529999999999818e-01
6.381615000000000482e-01
8.498350000000002291e-01
3.442329999999999002e-01
3.764890000000000181e-01
2.474215000000001552e-01
5.698250000000000259e-01
4.308119999999999172e-01
2.636020000000001140e-01
1.769554999999999323e-01
2.445110000000000616e-01
2.020405000000002893e-01
2.410140000000000338e-01
9.472950000000017468e-02
1.439645000000001895e-01
8.362749999999995187e-02
1.669099999999999751e-01
2.468964999999999355e-01
1.475864999999998983e-01
2.792344999999997190e-01
1.180975000000001052e-01
5.825645000000001517e-01
5.243145000000002387e-01
