FramewiseDisplacement
4.357992999999998340e-01
2.113027499999997894e-01
2.588128500000000942e-01
1.762019499999999683e-01
1.107484500000000260e-01
3.582393500000000675e-01
2.582813999999999943e-01
2.577197000000000515e-01
3.928160499999998057e-01
4.402943999999998637e-01
2.148755000000000526e-01
2.651722000000000246e-01
1.001870000000001093e-01
3.034745407000000172e-01
1.246430406999998464e-01
1.281043999999998961e-01
1.193788999999998851e-01
1.317071000000001324e-01
2.909762599999999311e-01
2.868037400000000847e-01
2.988704000000002026e-01
2.365280000000000438e-01
1.460342000000001694e-01
2.706230500000001427e-01
1.732243999999998618e-01
1.076581500000000219e-01
1.960812000000000943e-01
1.738434500000000382e-01
1.764691499999999358e-01
2.225039089999999997e-01
2.862246590000000479e-01
2.285737499999999645e-01
2.659214500000000037e-01
4.084981500000000598e-01
2.391746400000001327e-01
2.579190900000000730e-01
3.708813000000000248e-01
2.222075850000000685e-01
4.329600000000002197e-02
1.915023000000000697e-01
2.951996849999999895e-01
2.359262500000001150e-01
2.589867000000001251e-01
3.364806000000000741e-01
2.180397300000000427e-01
2.167511299999999586e-01
2.275530999999999249e-01
1.517071499999999851e-01
3.492279499999999537e-01
3.613955999999999835e-01
3.025959999999999761e-01
1.954062700000000208e-01
1.943770099999999612e-01
2.496791200000000599e-01
4.059465200000000329e-01
3.783438700000000265e-01
1.332861499999999921e-01
9.021729999999997252e-02
1.848521599999999598e-01
1.792897600000000202e-01
1.427435499999999691e-01
3.670653399999999622e-01
3.267242399999999991e-01
2.764706499999999845e-01
4.227455000000000518e-01
3.149324500000000859e-01
2.304409000000000041e-01
2.903645000000000254e-01
1.850519999999999943e-01
1.605931999999999638e-01
2.397095500000000212e-01
2.434159500000000198e-01
1.731927000000000050e-01
1.238569999999999532e-01
1.918416500000000025e-01
2.892387500000000999e-01
1.942555500000000823e-01
3.745281000000000304e-01
2.280898000000000647e-01
2.017882000000000287e-01
2.753678999999999988e-01
1.986854900000000756e-01
1.380025899999999806e-01
2.091181000000000290e-01
1.833980000000000055e-01
1.900505000000000111e-01
4.006633000000000555e-01
3.143317999999999945e-01
1.921219999999999872e-01
1.906558000000000419e-01
2.341275000000000162e-01
3.826534000000000324e-01
1.977534999999999710e-01
1.997244000000000241e-01
2.469405000000000072e-01
1.662700000000000011e-01
1.806050000000000710e-01
2.723260000000000125e-01
2.877430000000000820e-01
1.766199999999999992e-01
1.255244999999999833e-01
3.917760000000000131e-01
3.080110000000000348e-01
1.761774999999999869e-01
8.965300000000001046e-02
1.769719999999999904e-01
1.661955500000000530e-01
1.213080000000000408e-01
1.697814999999999741e-01
1.998834999999999640e-01
1.848561500000000524e-01
2.386745999999999590e-01
1.239210000000000172e-01
1.746978000000000419e-01
2.709292999999999840e-01
2.466230000000000089e-01
2.344627999999999712e-01
2.742947999999999498e-01
1.944194999999999673e-01
2.312469000000000330e-01
2.910658999999999885e-01
1.153105499999999978e-01
3.207210500000000075e-01
1.597211000000000047e-01
1.503189000000000053e-01
3.211307499999999648e-01
3.298056500000000058e-01
1.865354500000000193e-01
7.099739999999997442e-02
1.562778500000000237e-01
1.201284499999999700e-01
2.582684499999999828e-01
7.903140000000000165e-02
1.966300000000000270e-01
1.403612500000000207e-01
1.381546999999999914e-01
3.167135499999999548e-01
2.290901999999999661e-01
1.326432300000000009e-01
2.529374299999999631e-01
2.203810999999999964e-01
1.866690000000000293e-01
2.252056499999999795e-01
2.316707000000000072e-01
1.729654999999999943e-01
3.393570999999999671e-01
1.935887149999999945e-01
2.853478749999999731e-01
3.532981749999999921e-01
2.021519300000000074e-01
2.581534550000000316e-01
4.104626849999999938e-01
1.288327199999999839e-01
1.050397150000000196e-01
9.440914000000000250e-02
3.198568300000000364e-01
2.346502149999999953e-01
1.897723000000000049e-01
1.840482250000000097e-01
7.307550000000000157e-02
1.478471500000000105e-01
1.307139999999999969e-01
2.363391000000000242e-01
1.182481499999999686e-01
2.912357500000000710e-01
2.307406500000000193e-01
1.401192500000000285e-01
3.835825500000000221e-01
2.696484099999999495e-01
2.591902099999999765e-01
2.138628500000000210e-01
1.294564500000000007e-01
2.151484999999999648e-01
1.659760499999999861e-01
1.017911500000000108e-01
2.795267499999999905e-01
2.164234500000000172e-01
2.129454500000000083e-01
2.947105000000000419e-01
1.691515249999999970e-01
1.808884749999999930e-01
2.559700200000000203e-01
6.598663559999999595e-02
2.708187294000000134e-01
1.975200350000000382e-01
2.910390500000006181e-02
2.430220499999999617e-01
2.367212569999999905e-01
1.368152119999999639e-01
2.073460500000000040e-01
1.131475000000000120e-01
1.379783949999999759e-01
3.957722449999999670e-01
2.341433400000000331e-01
2.192520699999999656e-01
2.487410800000000310e-01
1.810159999999999825e-01
2.457201499999999428e-01
1.444913499999999351e-01
2.622641999999998919e-01
3.555184699999999198e-01
2.167705199999999943e-01
4.086334500000000647e-01
3.833262000000000058e-01
3.849541000000000768e-01
2.568060999999999816e-01
3.291242999999999808e-01
3.579106499999998858e-01
3.090783499999999462e-01
3.018836999999998660e-01
2.601892000000000649e-01
1.744800000000000795e-01
1.851333999999999758e-01
2.020578000000000651e-01
1.843161000000000660e-01
2.596807999999999339e-01
2.910714600000000041e-01
2.321632599999998714e-01
1.570487000000000966e-01
1.067125999999999769e-01
1.613136000000000569e-01
1.533885000000000387e-01
2.741301999999999905e-01
2.685428999999999733e-01
1.751985499999999252e-01
1.559626499999998694e-01
3.954979000000001244e-01
2.287549999999998473e-01
3.011835999999999958e-01
2.756471000000000893e-01
2.204284999999998607e-01
1.732072000000000334e-01
3.764317000000000357e-01
3.278795000000000459e-01
1.922669000000000739e-01
6.174673999999999996e-01
4.562204999999999733e-01
1.529020000000000934e-01
1.533375000000001265e-01
2.531749999999999279e-01
1.886565000000000047e-01
7.477990000000006576e-02
2.199926500000000396e-01
4.478320499999999815e-01
1.282508499999999718e-01
2.331235000000000113e-01
9.185784999999996314e-02
1.451526000000000205e-01
2.649605999999999906e-01
2.562177999999999400e-01
3.423528000000000682e-01
3.865505999999999664e-01
2.948637000000000064e-01
5.175737999999999728e-01
3.147412029999999694e-01
1.878407970000000593e-01
3.614864000000000410e-01
5.055813999999999586e-01
5.377990000000000270e-01
5.850738999999999246e-01
3.267874000000000057e-01
1.013980000000000159e-01
2.317847000000000102e-01
2.432877000000000234e-01
2.741035000000000554e-01
1.805374499999999605e-01
2.666931499999999344e-01
4.280051999999999746e-01
2.128790000000000404e-01
4.314569999999999794e-01
7.283770000000000522e-01
4.498735000000001483e-01
3.798534500000000924e-01
3.258809499999999471e-01
4.348341500000000859e-01
5.610331499999998695e-01
6.053785000000000416e-01
9.788150039999998775e-01
6.852447539999999560e-01
4.389577500000001464e-01
3.564320999999999184e-01
2.493983999999999368e-01
4.175735000000001529e-01
3.897257499999997599e-01
1.414714000000000527e-01
3.077429500000000151e-01
3.701481000000000354e-01
3.894080000000001429e-01
4.271606999999998378e-01
1.385562000000000737e-01
2.913111999999997703e-01
2.259916999999997678e-01
2.370947999999999389e-01
3.589562999999999504e-01
2.727899999999999769e-01
2.268948000000002019e-01
4.579202999999999468e-01
3.459038000000000390e-01
2.834299000000002344e-01
