FramewiseDisplacement
9.777652000000000010e-01
4.490810000000001190e-01
5.512544499999997294e-01
2.468732500000000718e-01
2.585208749999998723e-01
6.574822799999999745e-01
5.252028549999999685e-01
5.311973499999999015e-01
3.381003000000000203e-01
3.494811000000001555e-01
1.609796000000000282e-01
4.381890999999999980e-01
5.577480000000000215e-01
3.503020000000000023e-01
4.048885000000000955e-01
4.221099999999999852e-01
4.837909999999999155e-01
2.836819999999999342e-01
2.403850000000000153e-01
2.198614999999999875e-01
1.156399999999999928e-01
3.935944999999999583e-01
4.887675000000001324e-01
3.579309999999999992e-01
3.379099999999999882e-01
2.143134999999999901e-01
1.470100000000000573e-01
3.392710000000001003e-01
3.760384999999999978e-01
4.262884999999999591e-01
1.710944999999999827e-01
2.442580500000000043e-01
1.569505999999999402e-01
3.732956500000000899e-01
3.315264000000001099e-01
2.606721000000000177e-01
2.285477499999999940e-01
2.214224499999999929e-01
3.439894500000000299e-01
2.970889500000000738e-01
2.900055500000000008e-01
2.774596500000000021e-01
3.323706999999999634e-01
2.875972350000000066e-01
1.303881150000000544e-01
3.241134499999999696e-01
3.050866500000000148e-01
2.120777200000000529e-01
3.136203300000000582e-01
2.371703000000000283e-01
2.036731000000000236e-01
1.844494499999999870e-01
4.051592000000001081e-01
4.474733000000000183e-01
4.430285550000001016e-01
4.299677550000000625e-01
3.456655899999999115e-01
1.997859099999999555e-01
4.328455000000003272e-02
2.921077000000000257e-01
4.095690000000000719e-01
3.205833999999999628e-01
2.786471999999999838e-01
1.794994500000001159e-01
2.462551500000000060e-01
3.792077500000000101e-01
3.277068500000001050e-01
1.590492000000000294e-01
1.809297999999999462e-01
2.711000699999999153e-01
2.107467100000000038e-01
1.196740199999999921e-01
2.533800500000000233e-01
1.144352500000000300e-01
2.352637000000000478e-01
3.973890500000000214e-01
4.117877999999999261e-01
2.205564499999999595e-01
2.234615999999999270e-01
1.468943000000000054e-01
2.759383000000000807e-01
3.947886499999999632e-01
3.984404000000000279e-01
2.463073000000000068e-01
1.988282999999999301e-01
1.966364999999999641e-01
2.806604500000000058e-01
5.838554999999998052e-02
2.171667499999999917e-01
3.057272200000000772e-01
3.600993700000000852e-01
2.689685500000000840e-01
1.932603999999999711e-01
1.164054500000000769e-01
1.881787500000000057e-01
2.283238999999999963e-01
2.952449500000000615e-01
2.273518500000000497e-01
1.862628500000000353e-01
3.363708000000000253e-01
5.122981000000000895e-01
3.951087999999999822e-01
3.680102499999999277e-01
4.811143999999999976e-01
4.128533499999999523e-01
4.123618999999999479e-01
2.079370499999999289e-01
2.317568999999999324e-01
1.992261499999999352e-01
1.174397499999999817e-01
5.101654749999999794e-01
5.152791249999999490e-01
3.768881000000000037e-01
3.401874500000000023e-01
3.307430499999999829e-01
2.473250999999999644e-01
2.388073499999999738e-01
2.030795999999999990e-01
1.540914599999999857e-01
1.913504900000000120e-01
2.978686999999999863e-01
3.570786400000000027e-01
2.857849899999999610e-01
3.805077000000000598e-01
3.527159500000000003e-01
2.336501799999999851e-01
1.832621799999999690e-01
2.037691799999999942e-01
2.696199500000000526e-01
3.973495199999999561e-01
3.382415449999999768e-01
2.195877650000000458e-01
1.463255400000000039e-01
2.199040029999999868e-01
3.405959529999999513e-01
4.246658570000000354e-01
3.142018260000000174e-01
3.611542869999999628e-01
3.657942259999999446e-01
2.686620500000000411e-01
1.513391000000000042e-01
1.370840499999999851e-01
3.479802449999999658e-01
4.439499850000000469e-01
3.540170099999999653e-01
3.190341800000000005e-01
1.583197000000000076e-01
7.013086499999998669e-02
1.384383549999999852e-01
1.768690850000000092e-01
2.787062780000000295e-01
1.447443669999999849e-01
2.663192999999999810e-01
2.286673499999999915e-01
1.581663999999999848e-01
1.432470799999999989e-01
2.372894399999999904e-01
1.025820710000000080e+00
1.235619299999999976e+00
2.361779499999999699e-01
2.683374499999999774e-01
1.004811999999999927e-01
1.505421000000000120e-01
2.370611499999999983e-01
4.100852500000000678e-01
3.419381650000000161e-01
4.292565649999999233e-01
4.838949000000000167e-01
2.150556999999999885e-01
2.152026000000000494e-01
2.759557499999999997e-01
2.586987000000000037e-01
2.353317799999999904e-01
1.396783300000000172e-01
2.239447500000000257e-01
1.932905999999999791e-01
3.815390189999999238e-01
2.417933190000000065e-01
6.984291900000000330e-02
1.840316789999999481e-01
1.867365400000000064e-01
1.384277500000000161e-01
1.383634800000000109e-01
2.290215200000000062e-01
3.043628999999999918e-01
2.526258400000000459e-01
1.863498400000000166e-01
2.563461000000000212e-01
3.842241799999999707e-01
1.613649800000000190e-01
3.307111000000000911e-01
3.517907000000001227e-01
1.433132000000000017e-01
3.282921999999999230e-01
2.397744999999999738e-01
2.574575999999999532e-01
2.708065000000000055e-01
3.026510599999999718e-01
1.679717599999999977e-01
3.953083000000000014e-01
3.433514999999999762e-01
3.011334999999999429e-01
2.538960000000000106e-01
2.140572999999999781e-01
1.888419000000000625e-01
1.365284000000000497e-01
2.634626999999999941e-01
4.630729000000000095e-01
3.360766500000000323e-01
3.160278499999999990e-01
3.323101999999999445e-01
3.073001999999999678e-01
2.059519999999999684e-01
7.468190000000002327e-02
3.189066500000000137e-01
3.582801500000000194e-01
2.743158500000000277e-01
3.831311499999999759e-01
3.805311500000000402e-01
3.586751999999999718e-01
2.437592000000000092e-01
2.229547999999999808e-01
1.857834499999999611e-01
1.698417000000000399e-01
2.457945499999999450e-01
2.116682459999999488e-01
1.938277959999999966e-01
2.253245999999999583e-01
2.735267000000001225e-01
3.309446999999999806e-01
3.200237000000000220e-01
2.681657000000000068e-01
2.184050999999999632e-01
1.705241000000000118e-01
1.773334999999998940e-01
1.472915000000001029e-01
1.079870000000000274e-01
2.482745000000000091e-01
3.117765000000000675e-01
2.537608999999999004e-01
2.536429000000000600e-01
1.065284999999999843e-01
2.826277000000000927e-01
2.895796999999999399e-01
1.848003000000000007e-01
2.268322999999999312e-01
2.125055000000000138e-01
2.495825999999999323e-01
2.180130999999999042e-01
2.866694999999999660e-01
1.588875000000000981e-01
1.895264999999999866e-01
2.864719999999999489e-01
2.944177000000000044e-01
3.104601999999999640e-01
2.317695000000000172e-01
2.118030000000000190e-01
1.853320000000000523e-01
2.579497000000000595e-01
3.117546999999999957e-01
3.184126999999999930e-01
2.989872000000000640e-01
5.098064999999999403e-01
2.282705000000000151e-01
2.602344999999999242e-01
4.052196000000000686e-01
3.605776000000000536e-01
2.952233999999999692e-01
2.503284000000000620e-01
2.714839999999998921e-01
4.083430000000000115e-01
2.424129999999998231e-01
4.828637999999999542e-01
9.462458000000000258e-01
6.086847000000001895e-01
5.987464999999998483e-01
2.400251000000000745e-01
1.496641500000000791e-01
3.982798499999999908e-01
3.289854000000000944e-01
2.522894999999999999e-01
2.625854000000000243e-01
1.710735000000000450e-01
2.518096999999999142e-01
3.231891999999999543e-01
3.315838999999999315e-01
2.034739000000000408e-01
2.947672000000001180e-01
2.551174999999999971e-01
1.112857000000002095e-01
1.318553000000000364e-01
2.875462999999999769e-01
3.781091100000000815e-01
3.253019100000001385e-01
2.883065000000000766e-01
3.378783999999999677e-01
9.460690000000004929e-02
2.905377000000000098e-01
3.380338999999998872e-01
