FramewiseDisplacement
3.358618700000000623e-01
2.644209000000001253e-01
1.836184200000000599e-01
2.153991999999999019e-01
2.277232999999999896e-01
1.286538600000000643e-01
9.422923000000001104e-02
8.948742999999997894e-02
2.362092299999999923e-01
3.027299999999999991e-01
9.971579999999997945e-02
1.553614999999999025e-01
1.151395000000000196e-01
8.994090000000007357e-02
1.002830999999999306e-01
4.659424999999998290e-02
1.147454000000000252e-01
1.432208000000000092e-01
5.293419999999994519e-02
4.824750000000003342e-02
9.291034999999996102e-02
8.801770000000000427e-02
1.226000000000000284e-01
8.510870000000003710e-02
4.233234999999997694e-02
8.505474999999995678e-02
9.782400000000006368e-02
8.416869999999994356e-02
2.137219999999999676e-01
1.649974999999999914e-01
6.255109999999994286e-02
8.184390000000003884e-02
1.094133999999999801e-01
5.105790000000002410e-02
3.510280000000001732e-02
1.004106000000000304e-01
1.621483000000000230e-01
6.551740000000003117e-02
8.027459999999995988e-02
1.027664000000000077e-01
7.248250000000000526e-02
8.088850000000000207e-02
8.015899999999998027e-02
6.156299999999998579e-02
6.519389999999999907e-02
7.387729999999995134e-02
5.981749999999991935e-02
7.924189999999996237e-02
8.977920000000000345e-02
7.241680000000000339e-02
5.177069999999999589e-02
4.221590000000000759e-02
6.184239999999998488e-02
5.927859999999997992e-02
6.154989999999999073e-02
6.540010000000001655e-02
4.544819999999999416e-02
1.328412999999999955e-01
6.178269999999996820e-02
3.528309999999998392e-02
7.683449999999994451e-02
5.714340000000001779e-02
9.121972999999998499e-02
6.988432999999999451e-02
6.701890000000003400e-02
4.721169999999998146e-02
3.802560000000001356e-02
7.811329999999999663e-02
1.216257999999999784e-01
1.000505000000000422e-01
7.152756000000000391e-02
2.761545999999997364e-02
7.448470000000000091e-02
6.758979999999999155e-02
3.262200000000003292e-02
3.557051999999998743e-02
4.620151000000002894e-02
5.019219000000001846e-02
6.245825999999999462e-02
2.800409999999999011e-02
2.414900999999999159e-02
2.330426299999997439e-02
5.252443700000000021e-02
2.860081999999998861e-02
5.165707699999999569e-02
1.098801530000000221e-01
5.372874000000002481e-02
4.561755999999997369e-02
6.888259999999998828e-02
4.061969999999999470e-02
6.994780000000000442e-02
9.336700000000000554e-02
6.524410000000001320e-02
6.013189999999997426e-02
6.882805000000001561e-02
7.490364999999998830e-02
2.917134999999999173e-02
1.903265000000000512e-02
5.767819999999999891e-02
1.259964500000000098e-01
5.504580000000001971e-02
6.878000999999998866e-02
7.479821999999999860e-02
6.354092000000000073e-02
3.560327199999999137e-02
6.757732199999998135e-02
2.401205000000000006e-02
5.160829999999999584e-02
5.862039999999999612e-02
2.525339999999998836e-02
2.295276000000000954e-02
4.869193000000000132e-02
6.508745500000000239e-02
4.737482499999999541e-02
1.832371999999999820e-02
6.830796000000000090e-02
9.367828999999999740e-02
3.275080000000000352e-02
5.984170000000000461e-02
9.148397599999999463e-02
3.390733400000000425e-02
5.755181000000000879e-02
2.325656999999999724e-02
8.305723000000000966e-02
6.573785000000000045e-02
1.348806500000000186e-01
6.845740000000000158e-02
3.927455500000000266e-02
2.920522000000000049e-02
5.286837000000000480e-02
6.851948500000000497e-02
1.628386700000000048e-02
4.449067700000000625e-02
3.746546600000000282e-02
1.154068689999999953e-01
1.315080250000000006e-01
7.828755500000000866e-02
3.727118000000000791e-02
2.970919999999999464e-02
7.033528500000001127e-02
6.703789000000000275e-02
4.566334649999999329e-02
2.115759149999999963e-02
2.807162000000000546e-02
2.333866000000000065e-02
4.131209000000000270e-02
7.738649500000001347e-02
8.777566000000000535e-02
5.742351099999999653e-02
7.176052900000000345e-02
8.045714000000001032e-02
1.454120150000000056e-01
5.301467499999998334e-02
1.775741000000000125e-01
7.939048149999999859e-02
4.453848499999999572e-02
7.538890899999999007e-02
3.457645699999999794e-02
6.300132049999999928e-02
5.829040749999999521e-02
7.503816149999999185e-02
7.473769499999999288e-02
3.100193000000000046e-02
4.737766499999999936e-02
5.508906999999999693e-02
2.409319499999999781e-01
2.549507300000000143e-01
1.441844299999999746e-01
8.091659999999997743e-02
1.339685000000000181e-01
9.128434000000000548e-02
6.406770100000001855e-02
4.669795100000000143e-02
1.297358100000000070e-01
1.477843850000000181e-01
6.445693499999996523e-02
8.687039999999998652e-02
9.532684999999993525e-02
5.030929999999998042e-02
2.610344999999999679e-02
2.970715000000001549e-02
2.691340000000001786e-02
5.669464999999997146e-02
3.590899999999998260e-02
4.507620000000004540e-02
3.420584999999999598e-02
7.131854999999998057e-02
6.594334999999998392e-02
4.723964999999998027e-02
6.154649999999999010e-02
6.141089999999993498e-02
6.649585000000002299e-02
5.938225000000001141e-02
3.307419999999997029e-02
6.701890000000003400e-02
3.035935000000004880e-02
2.498565000000001202e-02
5.018349999999997813e-02
9.572674999999997159e-02
7.605744999999997091e-02
4.967900000000004951e-02
7.783965000000003798e-02
5.873425000000005725e-02
5.961139999999997413e-02
5.950729999999999908e-02
2.871475000000002151e-02
5.182110000000005046e-02
5.351700000000003676e-02
3.769144999999998746e-02
3.122294999999999585e-02
7.065750000000001196e-02
3.890709999999995838e-02
3.708825000000003785e-02
2.321729999999994423e-02
7.600340000000005425e-02
4.206870000000005605e-02
5.271620000000000472e-02
5.312739999999998436e-02
4.280760000000002202e-02
3.026139999999999733e-02
7.255639999999993761e-02
7.168430000000000635e-02
6.521909999999997432e-02
4.282750000000003221e-02
1.936200000000007707e-02
4.046890000000008536e-02
1.568240000000005463e-02
3.477710000000001911e-02
4.263075000000000891e-02
1.088613499999999956e-01
4.800485000000000169e-02
6.494610000000003436e-02
4.542804999999995597e-02
7.425219999999996268e-02
1.079804999999999307e-02
5.909880000000000688e-02
3.435795000000001209e-02
2.956975000000003004e-02
4.114490000000002590e-02
2.643990000000009943e-02
3.229684000000000443e-01
2.078349999999999642e-01
9.550979999999996417e-02
9.408389999999991482e-02
8.212815000000003862e-02
6.370424999999993454e-02
7.474156850000002184e-02
7.395400000000001972e-02
5.205182649999995359e-02
3.614364500000000202e-02
9.131839999999996627e-02
6.274734000000001255e-02
2.251776000000000819e-02
2.110685000000001726e-02
1.187297499999999534e-01
4.096394999999998510e-02
9.705694999999997519e-02
4.185899999999998650e-02
5.339699999999999308e-02
9.110450000000007431e-02
9.026600000000001289e-02
8.718599999999997185e-02
7.350199999999999789e-02
3.349700000000004063e-02
8.702050000000007002e-02
1.153355000000000352e-01
7.292449999999997545e-02
1.001425000000000093e-01
4.871900000000005393e-02
5.861559999999998993e-02
9.665010000000004431e-02
7.148999999999994248e-02
6.198000000000004894e-02
4.204300000000003867e-02
4.261150000000000354e-02
5.929949999999990090e-02
3.424309999999999299e-01
1.704059999999999464e-01
9.618900000000003836e-02
1.141359999999999181e-01
6.990449999999992503e-02
3.874299999999999966e-02
6.962800000000000933e-02
8.987850000000000006e-02
4.539949999999997460e-02
5.752149999999997543e-02
7.874599999999994104e-02
6.012599999999995032e-02
2.925449999999996803e-02
6.731200000000001071e-02
4.596500000000001279e-02
9.918050000000000477e-02
5.844550000000004603e-02
1.494924999999999171e-01
2.152225000000000943e-01
8.293000000000000371e-02
3.389450000000004959e-02
3.224850000000010347e-02
5.641600000000003556e-02
