FramewiseDisplacement
4.907591499999999218e-01
1.915108799999999389e-01
1.749421700000000357e-01
5.626612999999996284e-02
8.402431000000001871e-02
1.390053699999999337e-01
5.566114000000001172e-02
2.394023999999994254e-02
9.116100000000001979e-02
7.085099999999996956e-02
7.907600000000003515e-02
1.033199999999999952e-01
6.370590000000000974e-02
4.419059999999999655e-02
1.792399999999999549e-02
7.870872000000003754e-02
1.121474199999999560e-01
4.934990000000006455e-02
3.058980000000004890e-02
6.745849999999997681e-02
7.757749999999999369e-02
3.516610000000001263e-02
3.408880000000007876e-02
5.298860000000001069e-02
1.336930000000000930e-02
4.813850000000002849e-02
9.784569999999991052e-02
6.719749999999999335e-02
6.131047499999998929e-02
3.775957499999999661e-02
3.243170499999998430e-02
6.710162500000002583e-02
7.503426000000001928e-02
6.430590999999999391e-02
1.032638000000000306e-01
5.331924999999999165e-02
5.780775000000000496e-02
6.895957500000003682e-02
4.801413000000001596e-02
1.119825449999999889e-01
9.975052500000002043e-02
7.380086500000000715e-02
5.802571499999999161e-02
3.865830499999997616e-02
8.814694999999998781e-02
5.686240500000001169e-02
4.778416500000001038e-02
8.361486999999999392e-02
5.500814999999996402e-02
6.977005000000000012e-02
2.416639999999999067e-02
2.687749999999998474e-02
7.950069999999996584e-02
5.136829999999998481e-02
5.084320000000002587e-02
1.038106499999999904e-01
5.901839999999999864e-02
7.420084999999998487e-02
3.838930000000000814e-02
7.654424999999998036e-02
8.948035000000002792e-02
2.759584999999999816e-02
8.266940000000000399e-02
8.267455000000001331e-02
6.315205000000001512e-02
1.085453499999999849e-01
6.412350000000002770e-02
5.387769999999997284e-02
7.544974999999999599e-02
5.280364999999998671e-02
5.062164999999998333e-02
5.119135000000000352e-02
5.209579999999999766e-02
8.124580000000000690e-02
6.629865000000001451e-02
3.085375000000001311e-02
6.114839999999999165e-02
2.952399999999999122e-02
1.024818999999999869e-01
8.635539999999999883e-02
5.325055000000000760e-02
9.898564999999999447e-02
5.936819999999999597e-02
5.635699999999997656e-02
7.907260000000002065e-02
4.733200000000000601e-02
7.506669999999995846e-02
1.387139500000000025e-01
1.035825000000000079e-01
4.246075000000000543e-02
9.077010000000000634e-02
4.525405000000001093e-02
4.573624999999998525e-02
1.001723499999999933e-01
6.222795000000000409e-02
4.004945000000000727e-02
8.355724999999999958e-02
4.410714999999999775e-02
4.177194999999998132e-02
4.388260000000000077e-02
7.651455000000001450e-02
9.559764999999997848e-02
5.354029999999999900e-02
2.126054999999998918e-02
5.216650000000000453e-02
9.358644999999998770e-02
7.029764999999998931e-02
6.061265000000001096e-02
4.990325000000000316e-02
7.331265000000000698e-02
5.397949999999997889e-02
5.378250000000000391e-02
8.856885000000000452e-02
7.527709999999998569e-02
5.193110000000000781e-02
7.702769999999999062e-02
6.299844999999999751e-02
1.838719999999998550e-02
8.795732999999998636e-02
7.081268000000000284e-02
1.832209999999998007e-02
8.153027999999996889e-02
7.337687999999999156e-02
3.908324999999999994e-02
1.250996500000000067e-01
5.184212000000000542e-02
3.988621999999998613e-02
8.730538999999998273e-02
7.450133500000000186e-02
6.989090000000000580e-02
6.386630499999999822e-02
9.338663999999997911e-02
8.867679000000000533e-02
4.534869099999999653e-02
5.294042399999999982e-02
3.151486499999998914e-02
5.684532999999999947e-02
1.078796799999999917e-01
9.044929000000000163e-02
3.993318999999999341e-02
5.232325000000000864e-02
5.337265000000001453e-02
6.385046000000001165e-02
9.971026000000000888e-02
7.966368000000001448e-02
5.123994000000000465e-02
6.814415999999999529e-02
5.752440699999999962e-02
9.383728700000000533e-02
7.525229000000001334e-02
8.473313999999999846e-02
8.256286699999999812e-02
4.636476699999999423e-02
5.698049499999999906e-02
5.615317999999999699e-02
6.090177800000000363e-02
1.024538530000000114e-01
6.082072000000000173e-02
8.075423999999999103e-02
5.389752500000000168e-02
8.012757500000000643e-02
3.067417000000000060e-02
8.032704000000000233e-02
1.503601000000000243e-01
8.089945999999999249e-02
3.562355999999999856e-02
9.251085000000000558e-02
7.593430000000001012e-02
5.897406100000000817e-02
6.324251899999999704e-02
3.370806900000000023e-02
5.751707599999999337e-02
7.958744499999999278e-02
4.195563000000000070e-02
3.972663999999999362e-02
8.457789000000000279e-02
8.657592999999999539e-02
7.461473500000000147e-02
3.467103500000000282e-02
9.632054000000001004e-02
4.625649999999999207e-02
4.547896999999999357e-02
5.213937999999999906e-02
5.524561999999999529e-02
6.575282999999999822e-02
4.869189000000000156e-02
5.843426000000002257e-02
6.173629999999999396e-02
4.066405000000000713e-02
6.477428499999998701e-02
2.356872500000000564e-02
8.749091000000000506e-02
7.585615000000001107e-02
6.304732999999998477e-02
8.140073000000001835e-02
3.867889999999999523e-02
7.665199000000000318e-02
8.789299000000000417e-02
5.393419999999999465e-02
6.260503939999999268e-02
1.213805394000000148e-01
6.160919999999998897e-02
7.138086999999999904e-02
1.258526200000000261e-01
9.837575999999996490e-02
3.218610999999999001e-02
6.453710000000001390e-02
7.146960000000000812e-02
3.131789999999998880e-02
9.840675000000000117e-02
1.020643999999999857e-01
8.831414999999999405e-02
7.004210000000002379e-02
7.950940000000000785e-02
8.734070000000002110e-02
9.310600000000002208e-02
9.855960000000002497e-02
8.538969999999998506e-02
8.437320000000002318e-02
5.460679999999997619e-02
6.673840000000001715e-02
4.821940000000003029e-02
6.039789999999999742e-02
3.141899999999998860e-02
1.064921500000000076e-01
3.948102499999999737e-01
3.938471999999999529e-01
1.791437500000000183e-01
1.486230500000000343e-01
7.428224999999995248e-02
9.565875000000005624e-02
9.787879999999998804e-02
1.129799000000000359e-01
4.263590000000004598e-02
6.421830000000001981e-02
7.741440000000006372e-02
7.483520000000003225e-02
4.175269999999998982e-02
8.724190000000001111e-02
7.273310000000000886e-02
8.097079999999998168e-02
1.192904000000000186e-01
7.949090000000003098e-02
6.012339999999995882e-02
1.057337999999999750e-01
6.734859999999999458e-02
5.812389999999998530e-02
7.102749999999996566e-02
4.724500000000003697e-02
2.794650000000001300e-02
6.918719999999997650e-02
1.213186999999999738e-01
8.023149999999999726e-02
5.494079999999998409e-02
1.031533000000000727e-01
8.986360000000005732e-02
2.879099999999999715e-02
4.964109999999998663e-02
5.451250000000001927e-02
5.328669999999998547e-02
4.497835900000000664e-01
8.911112400000000822e-01
7.183394499999999905e-01
7.452349999999996477e-02
2.111825000000000230e-01
7.377250000000004637e-02
1.034380000000000577e-01
9.562849999999997741e-02
9.969699999999998008e-02
1.163594999999999491e-01
9.929550000000003651e-02
6.197050000000002556e-02
4.283599999999999908e-02
8.304629999999998957e-02
1.641962999999999895e-01
8.534700000000003395e-02
7.992400000000003668e-02
9.805149999999993038e-02
1.103190000000000143e-01
7.835899999999998422e-02
1.224144999999999817e-01
1.253264000000000045e-01
9.306889999999998220e-02
6.224099999999998384e-02
7.144500000000005013e-02
1.515569999999999973e-01
1.037065000000000209e-01
7.286300000000001109e-02
1.146449999999999692e-01
1.082909999999999567e-01
7.327900000000003855e-02
5.921599999999999087e-02
6.959449999999996195e-02
2.844649999999999956e-02
6.119150000000000977e-02
6.672950000000005266e-02
7.562899999999997402e-02
1.104379999999999806e-01
8.331800000000000317e-02
