FramewiseDisplacement
3.401126499999999608e-01
6.993109999999999049e-01
1.416784849999999762e+00
8.031332999999999389e-01
4.188874300000000050e-01
3.631732300000000135e-01
1.131279499999999633e-01
2.364141999999999910e-01
3.861412250000000324e-01
6.037078750000000049e-01
2.586281500000000011e-01
1.755026000000000086e-01
3.703695499999999918e-01
4.996971400000000396e-01
5.176709400000000239e-01
3.536795499999999537e-01
2.498407500000000003e-01
3.047630000000000061e-01
4.989772999999999570e-01
3.319980999999999627e-01
3.108407000000000253e-01
4.495554999999999413e-01
1.520748000000000655e-01
5.136815000000000131e-01
3.748098000000000263e-01
4.311863700000000410e-01
3.277940200000000748e-01
5.329938500000001023e-01
5.437968499999999983e-01
2.118626000000000120e-01
1.270648000000000333e-01
3.210375300000000154e-01
3.350832400000000044e-01
5.865304199999999968e-01
3.775739400000000523e-01
5.092623900000000647e-01
9.384919999999997986e-02
3.135359999999999814e-01
7.227027500000000604e-01
2.295882099999999038e-01
3.281658900000000156e-01
2.041273799999999972e-01
1.385078999999999894e-01
9.406560000000005473e-02
4.574842000000000075e-01
5.564922000000001034e-01
5.152038000000001006e-01
2.993087999999999860e-01
2.649110999999999549e-01
2.870735999999999843e-01
2.707583000000000073e-01
4.172419999999999463e-01
3.180867000000000000e-01
2.488669000000000298e-01
2.775047999999999404e-01
3.103336000000000428e-01
3.137287000000000270e-01
5.029284000000000532e-01
2.396276000000000239e-01
1.254582900000000556e-01
1.674460000000000393e-01
8.644522900000010945e-02
3.632297189999999509e-01
2.427309699999999626e-01
2.663362699999999861e-01
2.114794600000000080e-01
2.358552100000000373e-01
1.857180999999999416e-01
3.136218499999999243e-01
2.810226999999999586e-01
2.645407000000000175e-01
2.993358199999999747e-01
2.963840399999999597e-01
5.200278000000003314e-02
2.681007000000000251e-01
4.693874999999999575e-01
2.374570000000000292e-01
1.939877999999999880e-01
2.085703000000000140e-01
2.591667000000000276e-01
2.233581999999999790e-01
1.798840000000000161e-01
1.569415000000000115e-01
3.370622999999999814e-01
5.910971999999999893e-01
4.278480000000000061e-01
2.121445000000000414e-01
3.177756999999999388e-01
5.228616000000001485e-01
7.750619999999996956e-02
4.332034999999999636e-01
4.276502999999999832e-01
3.084492000000000345e-01
1.562759000000000509e-01
3.384599999999999831e-01
4.797480000000000633e-01
2.803889999999999993e-01
2.180571999999999788e-01
4.046975999999999907e-01
2.948420000000000485e-01
3.642892699999998873e-01
5.434645700000000357e-01
5.832747999999999822e-01
7.257611000000000478e-01
4.500911000000000772e-01
2.349517999999999884e-01
2.129155999999999826e-01
4.242118000000000277e-01
2.137887000000000259e-01
4.366041500000000242e-01
3.814695999999999643e-01
2.544295500000000043e-01
2.851718299999999595e-01
4.283084199999999675e-01
4.895948499999999703e-01
3.249820150000000685e-01
5.488550650000000308e-01
5.831685500000000077e-01
1.862920599999999816e-01
2.440247899999999637e-01
2.570443000000000033e-01
2.329927999999999999e-01
4.744372500000000326e-01
3.256928000000000045e-01
2.178571499999999994e-01
1.427537999999999863e-01
8.106505000000001349e-02
2.051350500000000410e-01
2.351480499999999696e-01
1.401234799999999947e-01
2.565025799999999800e-01
3.498799499999999396e-01
5.655084999999999695e-01
3.847224000000000199e-01
3.906534500000000687e-01
2.649323299999999382e-01
1.863016700000000025e-01
5.281626999999999850e-01
3.340508999999999840e-01
5.866150999999999449e-01
6.293960999999999029e-01
2.759454000000000073e-01
2.647483800000000054e-01
2.298902300000000010e-01
4.235413650000000585e-01
5.003682449999999893e-01
4.797549799999999420e-01
3.454307972000000282e-01
3.964846971999999581e-01
5.948757080000000030e-01
5.505571880000000862e-01
3.979698300000000244e-01
2.462890299999999921e-01
1.777979899999999891e-01
2.783156250000000109e-01
5.273368750000000382e-01
5.074190000000000644e-01
3.795980299999999752e-01
3.713126849999999757e-01
4.053039550000000490e-01
5.432727200000000423e-01
6.056852199999999131e-01
5.937324999999999964e-01
2.744532500000000375e-01
2.899517000000000344e-01
2.199631499999999962e-01
1.673812499999999814e-01
3.678609345500000183e-01
1.616352445500000012e-01
1.631304100000000312e-01
2.405856500000000120e-01
4.921855100000000482e-01
4.388768100000000061e-01
3.443146950000000039e-01
1.306561550000000238e-01
3.956005000000000216e-01
5.043381599999999798e-01
2.510083099999999567e-01
4.594082000000000443e-01
8.908000000000000640e-02
4.984090050000000716e-01
3.416763550000000427e-01
3.008423499999999251e-01
2.933202999999999228e-01
4.577103499999999880e-01
3.301445949999999852e-01
3.604872949999999854e-01
2.992466800000000426e-01
3.060214199999999884e-01
2.626912500000000428e-01
2.733452499999999841e-01
2.230458799999999742e-01
4.839832800000000157e-01
5.752356000000001801e-01
5.339622000000000535e-01
5.264953499999999176e-01
4.263354500000000047e-01
4.348079599999999934e-01
1.033191790000000276e+00
1.272141199999999861e+00
7.091999999999998305e-01
1.019657150000000012e+00
9.837380199999999908e-01
8.112217700000000642e-01
6.850918600000001080e-01
6.125362400000001761e-01
2.537299499999999819e-01
5.626900499999999417e-01
7.999562359999999872e-01
3.532224860000000022e-01
5.587299500000001418e-01
1.933150500000000160e-01
1.716850499999999780e-01
3.429267499999999469e-01
1.538896698999998869e-01
5.135847201000001139e-01
4.304128799999999977e-01
9.292710499999996820e-02
3.167380049999999891e-01
3.826641499999999252e-01
3.232614000000000321e-01
1.268863000000000352e-01
4.827414500000000719e-01
1.761737600000000681e-01
1.473912199999999895e-01
1.830466849999999868e-01
3.010737749999999879e-01
3.235119999999999107e-01
2.950834499999999694e-01
2.234428550000000235e-01
4.004680049999999603e-01
3.338335799999999076e-01
2.812711849999999791e-01
3.393321950000000586e-01
2.347527100000000311e-01
1.831435099999999538e-01
3.811747449999999815e-01
4.352507449999999389e-01
1.906635999999999331e-01
2.622511399999999937e-01
4.763790300000000366e-01
2.386133299999999846e-01
4.233801500000000662e-01
5.323796000000000639e-01
4.576952049999999383e-01
2.833184050000001064e-01
3.064179000000000208e-01
5.065587999999998647e-01
3.228696500000000080e-01
3.561030500000000321e-01
3.432158999999999627e-01
4.514975999999999989e-01
1.769573999999999314e-01
8.105442999999999953e-01
6.764810000000001100e-01
1.421910200000000346e+00
7.292002000000000761e-01
3.666023999999999394e-01
1.454340999999999828e-01
4.511934499999999404e-01
3.002401499999999834e-01
1.674510000000000165e-01
8.007680950000002351e-01
7.594285950000000396e-01
6.732437500000000297e-01
6.829727499999999063e-01
4.227690300000000456e-01
3.701675299999999669e-01
2.875482999999999789e-01
6.634923000000000348e-01
5.745760000000000867e-01
3.719660950000000521e-01
5.369135550000000423e-01
4.063695499999999128e-01
5.868321099999997958e-01
2.406984600000000030e-01
3.286132000000000497e-01
4.279088999999999809e-01
3.256685500000000566e-01
2.045816500000000315e-01
5.519924499999998568e-01
6.853936499999999654e-01
3.818058999999999759e-01
3.999763999999999542e-01
2.068299999999999028e-01
1.459085999999999717e-01
3.221643999999999619e-01
2.745960499999999804e-01
5.424944000000000432e-01
6.442176000000000569e-01
5.013766499999999793e-01
4.863692500000000307e-01
4.742172000000000054e-01
3.710923000000000416e-01
5.692765499999999923e-01
4.335490999999999651e-01
2.605970500000000523e-01
2.387287499999999618e-01
1.132907000000000219e-01
