FramewiseDisplacement
1.841350000000000486e-01
1.638580000000000314e-01
7.776149999999999729e-02
1.541044999999999776e-01
8.587300000000001876e-02
6.930970000000004350e-02
3.117479999999996088e-02
1.064091999999999538e-01
5.997190000000002241e-02
7.007630000000000803e-02
8.070269999999998833e-02
4.012079999999998425e-02
9.044279999999998987e-02
1.169734000000000745e-01
1.431393000000000526e-01
1.111508999999999969e-01
7.035949999999999149e-02
1.075354999999999506e-01
6.440590000000001591e-02
7.393540000000002610e-02
1.030022999999999772e-01
9.977006000000000763e-02
1.596564400000000383e-01
2.166204700000000649e-01
7.416626999999995085e-02
6.478690000000002225e-02
9.440172000000003616e-02
1.398542800000000252e-01
7.438560000000005168e-02
1.623950100000000063e-01
6.326518999999997117e-02
4.612812999999999636e-02
9.797841000000004352e-02
3.991009999999998309e-02
9.455762000000000889e-02
1.161290200000000133e-01
1.189973999999999754e-01
1.040882000000000196e-01
6.206174999999996417e-02
5.667160000000003028e-02
1.009357999999999783e-01
6.830335000000001267e-02
1.199303000000000313e-01
1.707594850000000164e-01
1.119086850000000077e-01
5.459259999999999113e-02
3.758303500000000075e-02
7.738013500000001654e-02
3.116730000000000542e-02
5.469570000000001375e-02
2.929469999999999297e-02
1.932899000000000145e-01
2.944123100000000659e-01
4.303761049999999533e-01
2.723432050000000326e-01
1.656564700000000001e-01
9.406546000000000352e-02
2.373865000000000003e-02
4.765955000000000191e-02
4.405765000000000375e-02
1.856709999999999958e-02
1.244903500000000135e-01
1.155848500000000029e-01
9.602270000000000250e-02
1.217986500000000083e-01
1.773335600000000012e-01
1.527692900000000020e-01
1.133526500000000131e-01
1.007419500000000107e-01
1.358698000000000128e-01
7.770689999999999542e-02
9.796432999999998836e-02
1.494927400000000128e-01
1.001374999999999765e-01
6.820381999999997058e-02
1.195642500000000108e-01
6.560352999999999324e-02
6.196805999999998454e-02
4.752395999999999010e-02
5.685827999999999716e-02
7.084203999999999501e-02
5.969194999999999363e-02
5.250764999999998905e-02
1.041484999999999911e-01
1.469395500000000299e-01
8.619435000000001679e-02
9.140248500000001941e-02
1.164997100000000063e-01
8.394660499999999359e-02
3.160370499999999860e-01
1.842797499999999922e-01
1.598615999999999926e-01
2.393294500000000269e-01
1.050669300000000167e-01
7.133838420000002123e-02
6.393996420000003233e-02
6.396314000000000166e-02
4.505446600000000135e-02
5.062673599999999163e-02
1.416429000000000438e-01
8.969673200000000124e-02
9.329756799999999739e-02
1.121968999999999883e-01
9.000417000000000833e-02
4.879525600000000213e-02
1.381863139999999768e-01
1.289086940000000181e-01
4.955484399999999373e-02
1.003511269999999983e-01
6.698816700000001512e-02
8.125251000000001389e-02
1.465246099999999718e-01
1.522462300000000102e-01
8.376719000000000526e-02
1.142351300000000042e-01
8.860711900000001195e-02
1.549675810000000209e-01
1.582874100000000173e-01
2.461259399999999875e-01
3.402132499999999671e-01
2.769592499999999902e-01
1.125597500000000001e-01
5.991655000000001285e-02
1.179117500000000096e-01
8.868779999999999719e-02
3.660375000000000434e-02
5.990209500000000242e-02
1.187925999999999843e-01
1.231737000000000248e-01
1.229793500000000150e-01
1.091154000000000013e-01
9.861725000000001740e-02
1.463102950000000069e-01
1.210022000000000181e-01
2.519435500000000161e-01
1.718887649999999989e-01
1.372723150000000059e-01
1.285135199999999922e-01
1.295953700000000153e-01
1.481317499999999787e-01
8.707386500000000029e-02
1.174333000000000043e-01
1.390862499999999946e-01
1.387314000000000047e-01
1.332662149999999934e-01
1.058591100000000063e-01
5.973347999999999158e-02
9.793857999999999731e-02
1.470121250000000213e-01
7.239505250000000114e-02
9.427361649999999038e-02
9.745815699999998971e-02
1.622050670000000361e-01
1.302239290000000160e-01
6.526487799999999839e-02
8.105074999999999086e-02
1.013632900000000087e-01
1.782766399999999862e-01
1.494994600000000007e-01
7.263021000000000060e-02
4.144199999999999967e-02
8.636625000000000552e-02
1.170658499999999991e-01
1.089277149999999944e-01
1.626338650000000441e-01
1.601782479999999953e-01
1.182862019999999792e-01
1.668468299999999738e-01
2.140900599999999709e-01
1.508609099999999870e-01
1.062233000000000205e-01
1.753322000000000214e-01
2.122116800000000136e-01
3.259707299999999863e-01
1.144227299999999725e-01
1.491951100000000197e-01
1.017258900000000271e-01
1.939964900000000214e-01
2.651683999999999708e-01
1.542270099999999977e-01
2.355717100000000452e-01
2.340511999999999870e-01
2.710221499999999617e-01
1.432772000000000212e-01
1.301423499999999900e-01
9.335946000000000522e-02
1.722995400000000288e-01
7.977460000000000107e-02
1.529930000000000179e-01
1.372567999999999844e-01
7.086736999999998510e-02
1.046085300000000051e-01
4.674719999999999570e-02
1.352059799999999756e-01
1.452815699999999988e-01
6.990491000000001454e-02
8.525895999999998087e-02
1.337056400000000145e-01
1.449089999999999823e-01
2.194128200000000084e-01
5.407561999999999092e-02
1.344971000000000083e-01
1.028026499999999954e-01
5.770405000000002060e-02
1.236274999999999735e-01
1.715178699999999890e-01
1.438278099999999726e-01
1.960149099999999867e-01
8.668299999999998229e-02
2.438710000000000044e-01
3.346803500000000708e-01
8.924720000000001263e-02
1.044120999999999799e-01
9.715235000000001231e-02
7.061466000000000964e-02
6.014030199999999965e-02
7.084699799999999437e-02
1.281652050000000043e-01
1.556741049999999793e-01
1.486045000000000005e-01
1.655429100000000431e-01
9.375349999999998962e-02
4.850139999999997925e-02
9.188641000000001557e-02
1.474389500000000131e-01
5.784247999999997392e-02
7.163443700000000913e-02
1.699303930000000129e-01
6.270810000000001661e-02
8.447164999999998147e-02
7.230135000000000034e-02
9.567855000000000110e-02
1.082259499999999736e-01
9.243815000000001059e-02
1.680448499999999956e-01
1.480168500000000054e-01
6.704560000000001074e-02
1.565603999999999607e-01
2.689552799999999633e-01
2.077870199999999890e-01
1.576346999999999610e-01
1.536894500000000052e-01
4.668788000000001492e-02
2.644040699999999910e-01
1.914043499999999454e-01
1.064622000000000346e-01
1.727001500000000245e-01
4.364815000000001055e-02
5.991649999999996978e-02
3.295679999999998055e-02
9.957720000000003235e-02
5.329640000000001460e-02
6.087054999999998162e-02
1.715210000000000345e-01
1.051187499999999969e-01
9.669687000000001809e-02
7.342107000000003270e-02
7.763151000000001467e-02
1.233213900000000307e-01
1.354221000000000175e-01
8.748380000000001433e-02
5.493108600000000397e-02
1.318198859999999972e-01
1.342728500000000547e-01
9.218714999999999549e-02
4.012674999999993330e-02
7.587288000000000365e-02
6.733672999999998354e-02
7.733699999999994745e-02
1.365916999999999826e-01
1.950812499999999838e-01
4.707349999999994872e-02
1.307011829999999986e-01
7.361908299999997407e-02
8.579753999999999159e-02
2.390639900000000595e-01
1.759886900000000032e-01
1.431323700000000088e-01
1.306936399999999721e-01
2.111069300000000259e-01
1.086091299999999427e-01
1.499077500000000063e-01
8.661630000000000718e-02
1.104125500000000260e-01
4.956891000000001463e-02
6.547801000000001703e-02
1.175138500000000030e-01
2.379268499999999398e-01
3.694149999999999379e-01
2.848167500000000629e-01
9.178116999999996750e-02
8.115568000000006332e-02
1.327482500000000121e-01
1.504246000000000472e-01
1.672583500000000001e-01
3.303627799999999670e-01
2.279917800000000883e-01
1.131901000000000157e-01
9.287514999999994803e-02
