FramewiseDisplacement
5.327255000000000740e-01
3.667156999999999223e-01
1.760013999999999190e-01
5.666521999999999393e-01
2.772059999999999524e-01
1.859604999999999730e-01
1.322474999999999901e-01
3.037560000000000260e-01
3.934814999999999841e-01
2.612739999999999507e-01
3.243435000000000623e-01
2.219430000000000569e-01
2.675165000000000459e-01
5.610029999999999184e-01
2.938491000000000852e-01
1.309487399999999802e-01
7.324091000000007567e-02
9.412263000000009594e-02
4.607615000000006567e-02
5.086214999999999486e-02
8.302359999999997520e-02
3.885040000000000160e-01
3.841129000000000349e-01
4.368396500000000238e-01
3.059512000000000898e-01
3.363329499999999639e-01
2.807066999999999757e-01
1.848777999999999810e-01
2.492529999999999746e-01
3.582484999999999697e-01
5.143560000000000354e-01
4.801413000000000486e-01
2.480481500000000505e-01
3.719570200000000271e-01
2.665399299999999805e-01
5.028728999999999560e-01
7.817193999999998422e-01
3.149082999999999744e-01
7.131959999999999689e-02
9.532599999999964019e-03
6.008070000000003547e-02
2.870778999999999970e-01
4.482268699999999995e-01
4.057082700000000375e-01
4.603480000000000349e-01
3.597444000000000197e-01
1.460498999999999825e-01
6.793849999999999889e-02
7.167030000000000622e-02
2.667627000000000193e-01
3.047616000000000214e-01
3.962648000000000281e-01
3.397006000000000192e-01
3.999208999999999681e-01
2.935405999999999849e-01
1.474089000000000094e-01
1.729707000000000605e-01
1.243041999999999897e-01
2.826914000000000371e-01
3.616582999999999881e-01
3.210685000000000344e-01
2.412406000000000272e-01
1.426476999999999884e-01
2.647143999999999053e-01
3.088589000000000473e-01
3.321073700000000128e-01
3.053059700000000376e-01
3.489441000000000348e-01
3.794023000000000811e-01
1.865203999999999751e-01
2.733328999999999898e-01
1.222820999999999630e-01
1.526537999999999784e-01
8.127810000000001978e-02
3.236362999999999879e-01
3.893166000000000682e-01
3.684301999999999855e-01
4.314697000000000671e-01
1.751714999999999800e-01
1.723288999999999516e-01
2.979006000000000709e-01
1.856607999999999870e-01
1.210085000000000327e-01
2.684619000000000311e-01
4.513814000000000437e-01
3.479632999999999199e-01
5.227361999999999842e-01
3.173995000000000011e-01
3.603635000000000033e-01
1.522951000000000166e-01
3.350245000000000584e-01
3.058793000000000761e-01
3.341871000000000147e-01
4.052811999999999526e-01
2.521943999999999853e-01
1.285675999999999763e-01
1.369974999999999943e-01
1.689221999999999946e-01
2.562978000000000200e-01
3.960215999999999736e-01
3.868869000000000336e-01
4.533481000000000316e-01
3.416712999999999556e-01
1.467688999999999799e-01
2.418996999999999398e-01
4.538895000000000013e-01
1.814721539999999966e-01
2.631687459999999534e-01
5.149683999999999928e-01
4.095042999999999322e-01
5.686227499999998436e-01
3.341961499999999696e-01
4.697310000000001068e-02
1.283684300000000056e-01
3.115345700000000106e-01
2.878892499999999854e-01
3.297672399999999615e-01
2.873863100000000337e-01
3.251461700000000676e-01
4.810981799999999864e-01
1.965644499999999739e-01
1.238447500000000034e-01
1.626617999999999953e-01
1.122029999999999972e-01
1.643713000000000257e-01
1.565257500000000468e-01
1.486578499999999803e-01
1.221434499999999729e-01
1.010122000000000103e-01
6.073384999999999201e-02
3.181760000000000144e-01
3.869201249999999481e-01
3.059953300000000098e-01
6.170745050000000509e-01
4.469352549999999757e-01
2.810223049999999723e-01
1.181048340000000196e-01
2.354004879999999911e-01
3.387746090000000043e-01
3.009770649999999326e-01
2.182663899999999768e-01
2.336825349999999968e-01
1.713897850000000167e-01
7.386706999999999301e-02
9.871909000000000933e-02
9.301738999999999147e-02
2.309470149999999777e-01
3.343560599999999550e-01
4.064274449999999428e-01
4.002657450000000061e-01
4.420318300000000145e-01
4.015550065000000335e-01
3.323906364999999474e-01
2.827455850000000215e-01
3.713840300000000316e-01
5.453581499999999860e-01
2.000231650000000028e-01
2.315295149999999913e-01
5.477890000000002618e-02
8.160339999999997873e-02
1.045412249999999738e-01
1.985746699999999809e-01
1.115941699999999925e-01
1.693296249999999836e-01
2.776829099999999495e-01
2.591068399999999494e-01
2.961912799999999457e-01
3.060202399999999989e-01
2.854095600000000066e-01
3.363080999999999987e-01
3.915970749999999612e-01
3.919590249999999609e-01
3.194969800000000415e-01
2.448388400000000020e-01
1.274649599999999883e-01
5.403759999999999813e-02
1.367391499999999760e-01
2.553257299999999730e-01
4.160752299999999626e-01
3.637752300000000605e-01
3.086582149999999580e-01
2.995516049999999986e-01
2.577345349999999868e-01
2.361206349999999954e-01
2.044756600000000035e-01
1.722616099999999817e-01
2.303887500000000033e-01
2.547590849999999962e-01
1.765935349999999959e-01
1.489530950000000076e-01
1.077272949999999729e-01
2.221571649999999898e-01
4.659419449999999685e-01
5.176762599999998882e-01
2.567702000000000040e-01
2.834097999999999895e-01
2.891620500000000038e-01
1.107551999999999842e-01
4.826954999999999441e-02
1.769277499999999947e-01
1.769252999999999520e-01
7.562939999999997165e-02
7.787519999999999165e-02
2.592102000000000017e-01
1.282075000000000298e-01
2.969260000000000232e-01
3.636747499999999911e-01
3.816475500000000021e-01
3.638326000000000060e-01
3.025711000000000928e-01
2.880493500000000373e-01
1.322514499999999649e-01
2.641206999999999305e-01
3.016654999999999753e-01
3.234074500000000407e-01
3.775088999999999806e-01
3.591184999999999516e-01
3.394487499999999658e-01
3.225772999999999002e-01
3.048973999999999296e-01
2.585517499999999691e-01
2.405416500000000235e-01
2.319979000000000346e-01
2.574759000000000353e-01
1.530781999999999976e-01
1.282616000000000034e-01
1.161858999999999809e-01
1.268659999999999788e-01
8.782010000000003980e-02
1.614757599999999960e-01
1.153084199999999948e-01
2.055941199999999913e-01
4.360555100000000350e-01
5.245492499999999669e-01
3.570976999999999624e-01
1.814569000000000321e-01
6.685899999999997401e-02
1.510416999999999454e-01
2.896631499999999804e-01
3.415637000000000256e-01
3.208229499999999956e-01
2.763766000000000278e-01
2.376319500000000362e-01
1.688277000000000250e-01
7.794824999999996895e-02
1.513009500000000174e-01
2.694002999999999259e-01
2.638773499999999550e-01
3.792502200000000268e-01
4.605968500000000021e-01
3.699990699999999300e-01
3.866116499999999179e-01
1.093490500000000171e-01
2.692829500000000209e-01
4.426533500000000010e-01
3.879843500000000889e-01
3.937193000000000498e-01
3.245337000000000360e-01
2.575138999999999623e-01
6.149274000000000129e-01
1.254211500000000035e+00
4.452242500000000436e-01
2.235777999999999099e-01
6.228795000000005716e-02
6.195135000000009939e-02
4.512066500000000424e-01
5.397539000000000087e-01
3.260395999999999295e-01
1.707913800000000482e-01
1.473752199999999735e-01
2.963783299999999676e-01
1.773529800000000489e-01
1.528200199999999176e-01
3.086376199999998904e-01
1.809515200000000323e-01
1.423569000000000084e-01
3.789415870000000797e-01
4.635930910000000682e-01
1.845072120000000038e-01
2.598939300000001063e-01
2.420080299999999296e-01
1.198599999999999527e-01
1.781102699999998484e-01
2.987268399999999935e-01
3.756123000000000101e-01
3.792471400000000381e-01
3.403289170000000641e-01
2.276256669999998650e-01
1.561525179999998791e-01
3.238925319999998997e-01
4.075745800000000751e-01
3.819684100000001470e-01
3.494990600000000835e-01
2.882157600000000985e-01
2.311314000000000701e-01
2.125928500000000831e-01
2.057238999999998763e-01
1.663745000000000362e-01
2.091504500000000988e-01
