FramewiseDisplacement
4.132433000000000356e-01
2.271679000000000059e-01
4.918779999999994823e-02
8.412250000000004446e-02
7.258129999999995974e-02
3.911869999999996461e-02
5.331949999999999190e-02
3.809049999999995773e-02
4.881365000000002785e-02
2.581375000000001030e-02
2.433225000000005869e-02
5.801830000000002263e-02
2.995925000000001365e-02
7.414034999999999376e-02
4.587000000000000105e-02
6.373399999999997123e-02
2.607799999999995191e-02
6.576804999999996681e-02
3.040430000000003685e-02
6.136195000000001926e-02
2.091450500000000545e-01
9.223570000000000380e-02
7.211874999999999536e-02
6.078515000000001001e-02
7.367305000000000381e-02
9.767125000000002888e-02
1.945693000000000006e-01
2.270439999999999958e-01
1.870725999999999778e-01
2.432415500000000286e-01
2.695186499999999707e-01
3.101980999999999766e-01
1.011954500000000062e-01
4.754909999999998998e-02
8.471495000000003883e-02
8.225460000000003880e-02
1.931500350000000255e-01
9.631376750000000819e-02
1.008799524999999947e-01
1.114580500000000168e-01
6.338050000000000628e-02
1.317389000000000476e-01
8.333835000000001936e-02
4.278290000000001259e-02
2.041520000000000001e-01
2.743959499999999996e-01
1.620671499999999932e-01
2.164826999999999724e-01
1.405648500000000189e-01
2.797117999999999549e-01
2.047421999999999853e-01
1.041205499999999923e-01
2.188049999999998677e-02
3.289399999999996493e-02
1.141979999999999801e-01
9.249835000000000695e-02
3.560099999999995907e-02
2.091867000000000032e-01
1.017432000000000059e-01
8.214020000000002431e-02
1.620897000000000032e-01
2.530487499999999335e-01
3.880959160000000407e-01
2.703278710000000529e-01
6.800430499999998712e-02
2.210349499999999801e-01
3.918938000000000144e-01
9.856839999999998658e-02
1.338767999999999903e-01
1.549823500000000187e-01
2.493779199999999752e-01
3.506052199999999397e-01
2.552401000000000253e-01
1.087449500000000208e-01
5.775140000000000134e-02
3.280333500000000013e-01
1.746904500000000249e-01
1.807407499999999778e-01
1.459336999999999995e-01
2.644374499999999628e-01
9.845299999999997109e-02
1.152804499999999926e-01
1.036551000000000000e-01
5.604480000000003348e-02
6.534320000000000406e-02
1.188570000000000043e-01
1.210987000000000036e-01
1.709538000000000169e-01
1.601769999999999583e-01
1.922486999999999946e-01
8.583274999999999932e-02
1.989007750000000019e-01
6.920067499999998928e-02
1.495046499999999889e-01
1.578642000000000101e-01
8.015418999999997240e-02
1.168226599999999810e-01
1.171757999999999689e-01
1.625838450000000046e-01
7.862855500000001663e-02
1.653664050000000219e-01
1.073175650000000036e-01
6.694086999999997178e-02
9.793087999999998405e-02
8.543508000000001046e-02
5.536043000000000214e-02
2.002202700000000057e-01
6.365255000000000218e-02
7.513896000000000464e-02
1.200610900000000092e-01
5.876913500000000012e-02
5.116171499999999650e-02
1.150625150000000041e-01
1.606481499999999896e-01
2.128716100000000166e-01
1.154476549999999963e-01
1.430338100000000112e-01
6.924734999999999918e-02
2.348873800000000345e-01
9.691903000000000323e-02
8.731067999999998774e-02
3.836398999999999782e-01
2.696626599999999985e-01
1.213062999999999780e-01
6.889914000000001149e-02
1.073547849999999665e-01
1.803446499999999952e-01
4.609169999999998546e-02
3.874404999999999516e-02
5.787019999999999664e-02
9.096840000000000481e-02
8.939359999999997586e-02
1.024711749999999838e-01
7.810330000000001438e-02
1.156384749999999906e-01
1.745519199999999715e-01
3.432819500000000579e-02
1.484809749999999873e-01
1.002213749999999876e-01
1.736630399999999907e-01
1.504899550000000086e-01
1.005052349999999844e-01
8.516374000000000166e-02
1.524104820000000138e-01
1.942613669999999904e-01
7.869621499999999992e-02
3.512291499999999067e-02
7.425508499999998457e-02
1.672456500000000235e-01
1.841049650000000093e-01
9.573001999999999900e-02
8.556863500000000400e-02
3.688524300000000089e-01
1.832409999999999872e-01
1.670820849999999913e-01
1.071083149999999956e-01
1.329415349999999996e-01
1.732882949999999811e-01
1.316376600000000174e-01
1.274199100000000251e-01
1.145137000000000099e-01
2.275089399999999928e-01
2.399322599999999805e-01
6.870655999999999985e-02
1.223669200000000040e-01
7.488001000000001073e-02
1.071513000000000188e-01
1.152891500000000069e-01
9.458218000000000181e-02
8.238069500000001766e-02
1.018813649999999876e-01
9.060353999999999630e-02
7.754276999999999698e-02
6.730379999999999696e-02
5.812751999999998809e-02
5.653765999999998959e-02
8.253370900000001065e-01
9.061394499999999574e-01
6.751960000000001294e-01
2.579853000000001395e-01
5.809509999999998980e-02
4.015643499999999588e-01
2.776715000000000155e-01
5.189505500000001215e-01
3.324367800000000428e-01
3.085202499999999959e-01
2.728974800000000256e-01
3.426629499999999662e-01
1.614190500000000361e-01
1.034266999999999964e-01
5.492100000000005311e-02
1.485401190000001093e-01
1.336604319999999679e-01
9.004747199999992013e-02
1.065217910000001433e-01
1.366645999999999139e-01
1.447072500000000095e-01
2.094927499999999776e-01
2.309014299999999631e-01
1.252922499999999939e-01
1.918053200000000014e-01
2.596529000000002280e-02
2.208790999999999533e-02
2.238784099999999722e-01
1.902860499999999566e-01
1.211908999999999903e-01
1.150246100000000271e-01
7.506504000000001342e-02
9.913337999999997929e-02
1.782755599999999441e-01
9.894259999999999167e-02
4.701135000000000730e-02
1.159442499999999987e-01
1.505126399999999753e-01
9.235069999999998003e-02
1.809511100000000261e-01
1.431118700000000299e-01
3.723127999999999854e-02
5.405781999999997867e-02
1.135493350000000290e-01
1.115387400000000251e-01
8.639648499999999509e-02
1.030315000000000120e-01
1.701167499999999833e-01
1.346103499999999897e-01
1.501571000000000156e-01
1.341332000000000080e-01
2.504787499999999723e-01
2.689343000000000150e-01
7.510429649999998680e-02
7.550218850000001147e-02
4.235542999999999947e-02
7.384857999999999700e-02
2.559306450000000122e-01
9.060462999999997769e-02
7.655435000000000711e-02
1.374434499999999983e-02
4.692302499999999321e-02
3.039964999999999334e-02
1.734313000000000105e-01
2.373708200000000101e-01
1.407342160000000231e-01
9.496910399999999863e-02
1.516226999999999991e-01
5.590802000000000271e-02
7.173652999999996505e-02
7.375141500000001460e-02
7.442782500000000301e-02
1.642015299999999844e-01
2.820475000000000065e-01
1.992492000000000152e-01
1.544702199999999914e-01
2.390577999999999870e-01
1.426913300000000051e-01
1.514988899999999694e-01
1.265159850000000252e-01
7.778530500000002679e-02
9.024477000000000193e-02
5.514242500000000186e-02
1.589808550000000043e-01
2.071016300000000088e-01
2.223929500000000337e-01
8.315059999999999119e-02
2.587561999999999918e-01
5.904898999999995401e-02
1.335335899999999798e-01
3.212845499999999466e-01
1.629035500000000081e-01
4.401423999999999614e-02
4.760946999999998708e-02
5.149207000000001477e-02
1.935362250000000062e-01
1.499478399999999712e-01
2.497276550000000206e-01
2.015735999999999639e-01
4.171917999999999460e-02
1.794842199999999999e-01
1.468102000000000018e-01
1.965266400000000024e-01
1.429524199999999967e-01
8.254957999999998353e-02
9.036170000000000313e-02
7.738746000000000513e-02
2.299519399999999658e-01
2.588930000000000398e-01
3.509314299999999887e-01
2.540310399999999857e-01
2.002055799999999941e-01
1.035597349999999861e-01
9.713092500000002072e-02
7.504320999999998520e-02
1.204170500000000255e-01
1.397074900000000175e-01
9.176433000000001894e-02
7.239645000000001496e-02
1.579406900000000225e-01
1.068072900000000131e-01
1.505417000000000005e-01
2.490113499999999924e-01
