FramewiseDisplacement
3.994871499999996800e-01
4.164690000000000891e-01
2.430389999999999495e-01
1.907195000000000695e-01
7.707850000000007751e-02
1.183030000000001303e-01
1.454649999999997612e-01
7.092099999999983140e-02
1.322279999999999844e-01
7.969149999999998457e-02
7.036399999999994048e-02
2.152715000000000323e-01
2.456754999999997691e-01
2.419289999999997554e-01
1.196035000000000986e-01
8.608550000000021740e-02
1.453400000000001080e-01
9.421150000000003133e-02
4.075299999999976858e-02
1.154170000000000335e-01
9.448449999999991578e-02
2.682349999999986481e-02
5.931100000000015526e-02
2.897650000000019654e-02
2.882699999999988397e-02
4.577100000000004776e-02
5.187349999999987804e-02
3.178599999999997400e-02
7.844350000000004097e-02
6.413450000000008033e-02
4.722450000000003034e-02
8.539750000000013996e-02
6.988300000000001455e-02
7.639599999999999169e-02
7.365599999999988823e-02
6.031650000000002981e-02
8.706400000000001638e-02
5.471150000000006564e-02
7.190600000000010872e-02
2.755399999999999169e-02
8.835549999999998960e-02
1.135380000000000278e-01
1.139377500000001014e-01
8.778139999999994003e-02
9.061339999999988570e-02
4.148350000000002730e-02
8.935185000000006594e-02
6.564384999999996195e-02
3.784810000000005809e-02
8.292860000000012999e-02
7.342480000000002616e-02
8.512334999999991714e-02
9.271204999999996255e-02
4.603530000000007061e-02
5.521529999999995331e-02
4.938895000000002172e-02
7.403290000000004034e-02
7.478185000000005245e-02
4.648729999999999529e-02
5.942325000000003160e-02
3.041070000000004048e-02
3.062969999999989867e-02
4.471430000000004013e-02
5.594780000000014464e-02
9.026060000000001027e-02
5.416084999999995486e-02
2.825105000000002406e-02
3.724904999999997801e-02
5.717380000000000378e-02
7.345405000000003459e-02
4.615819999999992013e-02
5.970150000000001150e-02
6.911220000000008190e-02
4.449430000000005603e-02
2.235430499999999099e-01
2.382553099999999424e-01
2.549710599999999716e-01
1.615595000000000780e-01
4.597919999999993540e-02
9.856294999999995476e-02
3.265864999999996271e-02
9.958220000000000960e-02
5.686224999999997531e-02
5.348050000000004189e-02
4.268284999999993889e-02
5.725555000000005085e-02
6.930399999999999061e-02
7.364120000000001776e-02
4.274732500000000268e-02
6.329332499999998363e-02
5.655549999999998773e-02
6.382275000000005305e-02
5.623894999999995425e-02
5.042449999999998322e-02
3.879294999999995108e-02
4.861030000000003681e-02
4.519565000000001082e-02
6.146139999999998549e-02
9.089010000000002920e-02
6.528579999999997718e-02
4.979150000000003712e-02
9.956079999999999097e-02
6.203944999999998211e-02
8.619105000000000516e-02
1.571819999999998774e-02
3.311739999999996353e-02
1.836949999999996225e-02
3.389929999999999333e-02
4.453344999999996751e-02
1.291219999999998827e-02
3.665574999999997308e-02
7.879964999999994335e-02
8.553094999999999448e-02
5.650499999999999967e-02
5.911650000000000238e-02
6.107859999999999678e-02
4.837680000000003228e-02
5.621779999999999833e-02
3.735634999999999650e-02
4.470650000000001706e-02
5.175140000000000295e-02
1.578598499999999683e-01
7.400550000000001571e-02
9.073234999999998940e-02
5.100874999999998466e-02
5.294939999999999369e-02
4.655319999999998903e-02
5.585575000000000262e-02
9.076504999999998602e-02
3.337030500000000011e-01
4.055139500000001229e-01
3.071900999999999660e-01
2.303429499999999908e-01
2.243320500000000051e-01
1.868937999999999988e-01
2.406198499999999685e-01
1.341405299999999801e-01
2.811964049999999757e-02
5.830003050000000936e-02
7.303658999999999846e-02
5.172220000000000290e-02
2.793507500000000018e-02
9.929604499999998557e-02
7.769171999999997802e-02
5.294350499999999488e-02
1.132463599999999904e-01
1.008861163999999894e-01
2.760304639999999754e-02
8.382614749999998949e-02
7.094012650000000586e-02
7.432752900000000329e-02
7.816474500000000769e-02
4.322292999999999968e-02
4.198247000000000090e-02
2.175185499999999703e-02
5.392765999999999532e-02
2.520811500000000316e-02
5.141683499999999407e-02
8.082260500000000569e-02
6.757580699999998775e-02
5.217073200000000438e-02
4.430507399999999985e-02
5.740018999999998983e-02
5.961707000000000117e-02
5.114149999999999252e-02
7.650451500000000904e-02
4.994658849999999289e-02
7.882224649999999833e-02
7.649295000000001787e-02
5.234738000000001279e-02
4.323302000000000395e-02
6.464751000000000525e-02
3.971259999999999374e-02
8.225211000000001715e-02
7.146568999999999838e-02
4.136073699999999465e-02
5.005987700000000262e-02
7.358034500000000533e-02
5.278120999999999508e-02
2.818244500000000041e-02
1.986785999999999414e-02
4.677168999999999771e-02
2.835514999999999217e-02
5.024050000000000044e-02
2.940470000000000583e-02
1.044608999999999815e-01
9.992369999999997643e-02
6.009064999999998852e-02
1.965894999999999795e-02
6.585669999999999025e-02
5.974129999999997637e-02
4.241514999999998481e-02
1.706160000000000315e-02
6.558495000000001685e-02
6.604759999999999798e-02
4.440734999999999127e-02
6.687675000000001257e-02
3.001324999999998785e-02
5.483400000000000774e-02
6.715464999999999629e-02
6.601139999999999786e-02
8.945604999999999529e-02
7.748304999999995613e-02
3.340999999999998832e-02
5.576300000000000007e-02
1.331535500000000094e-01
9.902000000000002466e-02
1.355625999999999776e-01
9.207059999999998856e-02
7.642704999999999638e-02
6.007504999999997708e-02
5.987850000000000811e-02
2.673754999999998494e-02
5.719404999999998934e-02
6.851600000000002133e-02
1.325485999999999887e-01
7.397165000000005541e-02
7.992844999999999811e-02
5.976100000000002938e-02
6.427199999999999580e-02
4.267495000000003091e-02
4.288344999999997575e-02
1.138302499999999523e-01
4.035999999999998616e-02
3.686974999999998587e-02
7.566500000000003778e-02
7.791829999999998202e-02
7.633954999999997826e-02
1.505972999999999340e-01
1.727659999999999751e-01
8.282925000000002091e-02
1.272899500000000406e-01
1.720703749999999699e-01
7.919502499999997447e-02
1.279722000000000637e-01
6.849299999999999833e-02
4.663629999999996389e-02
8.248099999999998488e-02
1.173269999999999869e-01
4.234749999999999626e-02
4.585949999999999749e-02
1.028110000000000135e-01
5.253799999999995973e-02
7.390400000000002523e-02
2.126100000000002294e-02
7.242624999999996982e-02
1.795208500000000373e-01
1.243390000000004804e-02
1.120844999999999342e-01
1.131105499999999348e-01
1.002559999999999979e-01
6.143179999999991148e-02
2.755729999999998944e-02
7.526455000000001339e-02
1.116136500000000226e-01
7.918290000000000051e-02
9.462064999999990345e-02
6.942070000000004348e-02
3.375319999999999709e-02
4.074864000000005121e-02
8.714690000000006875e-02
4.251636000000007937e-02
8.070365000000004341e-02
1.802472897500000115e-01
2.756310524999998693e-02
7.966793100000003902e-02
1.182234159999999701e-01
5.541706700000006980e-02
7.276401700000005579e-02
5.130929999999987029e-02
7.729001000000007560e-02
4.114037000000004413e-02
1.009890199999999155e-01
2.180639035000000447e-01
6.505849999999994970e-02
1.155054999999999416e-01
5.007799999999998364e-02
3.444650000000001877e-02
6.339740349999992142e-02
6.839440000000002184e-02
6.746200349999999235e-02
6.341750000000011267e-02
1.437499999999994338e-02
9.002318350000006186e-02
7.905712999999991997e-02
6.835694649999997374e-02
2.789500000000003088e-02
5.912349649999997653e-02
4.711229999999999585e-02
2.660619650000000877e-02
1.563170465000000564e-01
5.308800000000000324e-02
5.862764999999994092e-02
2.724829999999994062e-02
6.625979999999995207e-02
1.387183999999999917e-01
6.942600000000016813e-02
1.266939500000000274e-01
5.831014999999997728e-02
